Date,x1,x2,x3,x4,x5,x6,x7,x8,x9,x10,x11,y
2024-01-10-16:33:09,0.19,0.89,0.89,0.83,0.61,0.07,0.45,0.03,0.59,0.93,0.85,0.619960911870419
2024-01-10-16:33:10,0.03,0.57,0.93,0.29,0.27,0.29,0.33,0.93,0.37,0.05,0.65,0.545748653976898
2024-01-10-16:33:11,0.33,0.31,0.83,0.55,0.47,0.51,0.59,0.79,0.89,0.77,0.19,-0.0987728361163172
2024-01-10-16:33:11,0.15,0.65,0.51,0.67,0.33,0.37,0.23,0.47,0.47,0.29,0.29,0.748040657269329
2024-01-10-16:33:12,0.01,0.11,0.45,0.93,0.83,0.27,0.15,0.99,0.73,0.09,0.89,0.442208274540856
2024-01-10-16:33:13,0.85,0.59,0.61,0.39,0.11,0.09,0.31,0.95,0.75,0.25,0.31,0.73574630107221
2024-01-10-16:33:14,0.17,0.85,0.87,0.73,0.29,0.39,0.73,0.65,0.61,0.11,0.01,0.418781021121617
2024-01-10-16:33:15,0.27,0.61,0.29,0.17,0.01,0.69,0.91,0.11,0.25,0.31,0.71,0.773138284544519
2024-01-10-16:33:16,0.51,0.47,0.35,0.89,0.67,0.11,0.85,0.61,0.87,0.43,0.93,0.625534633903306
2024-01-10-16:33:17,0.83,0.35,0.33,0.35,0.71,0.35,0.57,0.53,0.05,0.97,0.23,2.32465297865702
2024-01-10-16:33:18,0.95,0.33,0.15,0.01,0.09,0.03,0.77,0.23,0.69,0.13,0.87,-0.687305259888327
2024-01-10-16:33:18,0.77,0.75,0.09,0.87,0.59,0.19,0.53,0.35,0.17,0.91,0.99,3.03598379508766
2024-01-10-16:33:19,0.23,0.03,0.43,0.71,0.93,0.01,0.11,0.25,0.49,0.51,0.77,0.820685185211925
2024-01-10-16:33:20,0.65,0.13,0.47,0.63,0.15,0.87,0.09,0.29,0.35,0.41,0.69,2.33942101723214
2024-01-10-16:33:21,0.45,0.37,0.65,0.07,0.39,0.81,0.13,0.13,0.93,0.45,0.05,-0.303167863917697
2024-01-10-16:33:22,0.79,0.41,0.37,0.43,0.73,0.63,0.41,0.15,0.85,0.01,0.21,1.2093940112136
2024-01-10-16:33:23,0.93,0.63,0.39,0.65,0.79,0.79,0.19,0.05,0.63,0.21,0.47,0.216744124023392
2024-01-10-16:33:24,0.67,0.49,0.59,0.37,0.63,0.65,0.75,0.37,0.95,0.73,0.57,0.920878091178047
2024-01-10-16:33:24,0.05,0.77,0.19,0.85,0.89,0.33,0.55,0.01,0.39,0.81,0.43,0.955793414898849
2024-01-10-16:33:25,0.47,0.25,0.97,0.41,0.23,0.43,0.05,0.75,0.03,0.59,0.35,1.8971813807465
2024-01-10-16:33:26,0.07,0.87,0.31,0.21,0.99,0.17,0.47,0.39,0.21,0.23,0.81,0.790221165993182
2024-01-10-16:33:27,0.49,0.45,0.53,0.19,0.35,0.85,0.27,0.19,0.81,0.65,0.11,0.181992601592964
2024-01-10-16:33:28,0.25,0.27,0.07,0.25,0.77,0.95,0.21,0.85,0.91,0.57,0.49,-0.452832587715809
2024-01-10-16:33:29,0.11,0.51,0.73,0.03,0.51,0.41,0.79,0.59,0.07,0.03,0.45,0.926608463753918
2024-01-10-16:33:30,0.59,0.81,0.13,0.15,0.53,0.97,0.69,0.89,0.41,0.17,0.79,1.39114290326186
2024-01-10-16:33:31,0.73,0.05,0.55,0.51,0.03,0.53,0.17,0.17,0.83,0.35,0.37,1.5440441063098
2024-01-10-16:33:32,0.37,0.01,0.99,0.77,0.37,0.55,0.63,0.73,0.13,0.07,0.91,1.66156720790306
2024-01-10-16:33:33,0.13,0.83,0.23,0.81,0.95,0.99,0.01,0.07,0.43,0.61,0.09,1.00011755420581
2024-01-10-16:33:33,0.61,0.29,0.05,0.11,0.85,0.75,0.95,0.57,0.97,0.63,0.33,0.34016344595484
2024-01-10-16:33:34,0.75,0.71,0.91,0.23,0.41,0.23,0.67,0.31,0.11,0.39,0.03,2.66702674895698
2024-01-10-16:33:35,0.71,0.93,0.41,0.59,0.65,0.13,0.49,0.41,0.51,0.83,0.39,2.169025254633
2024-01-10-16:33:36,0.81,0.15,0.01,0.09,0.07,0.15,0.37,0.81,0.67,0.27,0.41,1.09966321113008
2024-01-10-16:33:37,0.57,0.91,0.25,0.79,0.05,0.89,0.51,0.49,0.79,0.55,0.17,1.06882547185287
2024-01-10-16:33:38,0.43,0.17,0.69,0.69,0.43,0.93,0.39,0.67,0.33,0.15,0.51,1.38411949208641
2024-01-10-16:33:39,0.69,0.97,0.81,0.53,0.21,0.67,0.65,0.27,0.45,0.37,0.27,2.14549572662176
2024-01-10-16:33:40,0.87,0.23,0.67,0.95,0.13,0.61,0.81,0.71,0.09,0.87,0.55,2.15044507908784
2024-01-10-16:33:41,0.53,0.53,0.11,0.45,0.91,0.73,0.29,0.43,0.15,0.89,0.07,1.90058476714473
2024-01-10-16:33:42,0.21,0.69,0.79,0.47,0.87,0.71,0.35,0.09,0.55,0.99,0.59,0.41597626459424
2024-01-10-16:33:43,0.31,0.09,0.57,0.05,0.25,0.45,0.97,0.87,0.71,0.49,0.73,-0.188009257590376
2024-01-10-16:33:44,0.55,0.43,0.75,0.99,0.17,0.49,0.25,0.97,0.31,0.67,0.63,2.17469221156644
2024-01-10-16:33:45,0.39,0.79,0.77,0.49,0.45,0.47,0.61,0.51,0.29,0.71,0.97,1.15440683673567
2024-01-10-16:33:46,0.41,0.21,0.63,0.75,0.31,0.83,0.07,0.55,0.27,0.95,0.61,1.5765254647819
2024-01-10-16:33:47,0.09,0.99,0.85,0.13,0.81,0.05,0.87,0.33,0.65,0.75,0.95,-0.172210066048327
2024-01-10-16:33:47,0.29,0.55,0.27,0.57,0.57,0.25,0.83,0.77,0.99,0.69,0.15,-0.379591491125823
2024-01-10-16:33:48,0.91,0.67,0.21,0.97,0.75,0.59,0.43,0.63,0.23,0.19,0.67,1.46901972140187
2024-01-10-16:33:49,0.99,0.39,0.49,0.33,0.69,0.77,0.71,0.83,0.01,0.79,0.25,0.688631920611075
2024-01-10-16:33:50,0.97,0.19,0.03,0.61,0.19,0.31,0.99,0.21,0.57,0.33,0.53,-0.163904805120228
2024-01-10-16:33:51,0.89,0.07,0.95,0.31,0.97,0.21,0.93,0.45,0.77,0.85,0.83,0.0167478401893632
2024-01-10-16:33:52,0.35,0.73,0.17,0.27,0.49,0.91,0.89,0.69,0.53,0.53,0.13,0.393717896005878
2024-01-10-16:33:53,0.63,0.95,0.71,0.91,0.55,0.57,0.03,0.91,0.19,0.47,0.75,2.83413328649159
2024-01-10-16:33:54,0.19,0.89,0.89,0.83,0.61,0.07,0.45,0.03,0.59,0.93,0.85,0.617046452552079
2024-01-10-16:33:55,0.03,0.57,0.93,0.29,0.27,0.29,0.33,0.93,0.37,0.05,0.65,0.540186558663984
2024-01-10-16:33:56,0.33,0.31,0.83,0.55,0.47,0.51,0.59,0.79,0.89,0.77,0.19,-0.0969314641556482
2024-01-10-16:33:57,0.15,0.65,0.51,0.67,0.33,0.37,0.23,0.47,0.47,0.29,0.29,0.744921168967551
2024-01-10-16:33:59,0.01,0.11,0.45,0.93,0.83,0.27,0.15,0.99,0.73,0.09,0.89,0.448110323948884
2024-01-10-16:34:01,0.85,0.59,0.61,0.39,0.11,0.09,0.31,0.95,0.75,0.25,0.31,0.736369772928401
2024-01-10-16:34:02,0.17,0.85,0.87,0.73,0.29,0.39,0.73,0.65,0.61,0.11,0.01,0.423079945067244
2024-01-10-16:34:02,0.27,0.61,0.29,0.17,0.01,0.69,0.91,0.11,0.25,0.31,0.71,0.774967512000109
2024-01-10-16:34:03,0.51,0.47,0.35,0.89,0.67,0.11,0.85,0.61,0.87,0.43,0.93,0.629390909866932
2024-01-10-16:34:04,0.83,0.35,0.33,0.35,0.71,0.35,0.57,0.53,0.05,0.97,0.23,2.3266444312175
2024-01-10-16:34:05,0.95,0.33,0.15,0.01,0.09,0.03,0.77,0.23,0.69,0.13,0.87,-0.681963158236144
2024-01-10-16:34:06,0.77,0.75,0.09,0.87,0.59,0.19,0.53,0.35,0.17,0.91,0.99,3.03723584654765
2024-01-10-16:34:07,0.23,0.03,0.43,0.71,0.93,0.01,0.11,0.25,0.49,0.51,0.77,0.820504183942021
2024-01-10-16:34:08,0.65,0.13,0.47,0.63,0.15,0.87,0.09,0.29,0.35,0.41,0.69,2.34003122833852
2024-01-10-16:34:09,0.45,0.37,0.65,0.07,0.39,0.81,0.13,0.13,0.93,0.45,0.05,-0.304578620333773
2024-01-10-16:34:10,0.79,0.41,0.37,0.43,0.73,0.63,0.41,0.15,0.85,0.01,0.21,1.20847592367174
2024-01-10-16:34:11,0.93,0.63,0.39,0.65,0.79,0.79,0.19,0.05,0.63,0.21,0.47,0.211994506542412
2024-01-10-16:34:11,0.67,0.49,0.59,0.37,0.63,0.65,0.75,0.37,0.95,0.73,0.57,0.912135166696071
2024-01-10-16:34:12,0.05,0.77,0.19,0.85,0.89,0.33,0.55,0.01,0.39,0.81,0.43,0.950321044449376
2024-01-10-16:34:13,0.47,0.25,0.97,0.41,0.23,0.43,0.05,0.75,0.03,0.59,0.35,1.89697705349628
2024-01-10-16:34:14,0.07,0.87,0.31,0.21,0.99,0.17,0.47,0.39,0.21,0.23,0.81,0.791633948461209
2024-01-10-16:34:15,0.49,0.45,0.53,0.19,0.35,0.85,0.27,0.19,0.81,0.65,0.11,0.180221260081437
2024-01-10-16:34:16,0.25,0.27,0.07,0.25,0.77,0.95,0.21,0.85,0.91,0.57,0.49,-0.454528750220649
2024-01-10-16:34:16,0.11,0.51,0.73,0.03,0.51,0.41,0.79,0.59,0.07,0.03,0.45,0.92754788039074
2024-01-10-16:34:17,0.59,0.81,0.13,0.15,0.53,0.97,0.69,0.89,0.41,0.17,0.79,1.38538643796978
2024-01-10-16:34:18,0.73,0.05,0.55,0.51,0.03,0.53,0.17,0.17,0.83,0.35,0.37,1.54543640703882
2024-01-10-16:34:19,0.37,0.01,0.99,0.77,0.37,0.55,0.63,0.73,0.13,0.07,0.91,1.65970010693709
2024-01-10-16:34:20,0.13,0.83,0.23,0.81,0.95,0.99,0.01,0.07,0.43,0.61,0.09,0.995633467761159
2024-01-10-16:34:21,0.61,0.29,0.05,0.11,0.85,0.75,0.95,0.57,0.97,0.63,0.33,0.335384326127624
2024-01-10-16:34:21,0.75,0.71,0.91,0.23,0.41,0.23,0.67,0.31,0.11,0.39,0.03,2.67017822375278
2024-01-10-16:34:22,0.71,0.93,0.41,0.59,0.65,0.13,0.49,0.41,0.51,0.83,0.39,2.16661389513533
2024-01-10-16:34:23,0.81,0.15,0.01,0.09,0.07,0.15,0.37,0.81,0.67,0.27,0.41,1.09472760645347
2024-01-10-16:34:24,0.57,0.91,0.25,0.79,0.05,0.89,0.51,0.49,0.79,0.55,0.17,1.06707618429146
2024-01-10-16:34:25,0.43,0.17,0.69,0.69,0.43,0.93,0.39,0.67,0.33,0.15,0.51,1.384140516142
2024-01-10-16:34:26,0.69,0.97,0.81,0.53,0.21,0.67,0.65,0.27,0.45,0.37,0.27,2.14308643573787
2024-01-10-16:34:27,0.87,0.23,0.67,0.95,0.13,0.61,0.81,0.71,0.09,0.87,0.55,2.14298140912606
2024-01-10-16:34:28,0.53,0.53,0.11,0.45,0.91,0.73,0.29,0.43,0.15,0.89,0.07,1.90328094433076
2024-01-10-16:34:28,0.21,0.69,0.79,0.47,0.87,0.71,0.35,0.09,0.55,0.99,0.59,0.418425436612922
2024-01-10-16:34:29,0.31,0.09,0.57,0.05,0.25,0.45,0.97,0.87,0.71,0.49,0.73,-0.190117781141225
2024-01-10-16:34:30,0.55,0.43,0.75,0.99,0.17,0.49,0.25,0.97,0.31,0.67,0.63,2.17565401628382
2024-01-10-16:34:31,0.39,0.79,0.77,0.49,0.45,0.47,0.61,0.51,0.29,0.71,0.97,1.15412609587059
2024-01-10-16:34:32,0.41,0.21,0.63,0.75,0.31,0.83,0.07,0.55,0.27,0.95,0.61,1.5790555570271
2024-01-10-16:34:33,0.09,0.99,0.85,0.13,0.81,0.05,0.87,0.33,0.65,0.75,0.95,-0.165140557448359
2024-01-10-16:34:34,0.29,0.55,0.27,0.57,0.57,0.25,0.83,0.77,0.99,0.69,0.15,-0.379905234687334
2024-01-10-16:34:35,0.91,0.67,0.21,0.97,0.75,0.59,0.43,0.63,0.23,0.19,0.67,1.46642644502752
2024-01-10-16:34:35,0.99,0.39,0.49,0.33,0.69,0.77,0.71,0.83,0.01,0.79,0.25,0.69191782674375
2024-01-10-16:34:36,0.97,0.19,0.03,0.61,0.19,0.31,0.99,0.21,0.57,0.33,0.53,-0.167750354357721
2024-01-10-16:34:37,0.89,0.07,0.95,0.31,0.97,0.21,0.93,0.45,0.77,0.85,0.83,0.0187476297021384
2024-01-10-16:34:38,0.35,0.73,0.17,0.27,0.49,0.91,0.89,0.69,0.53,0.53,0.13,0.399392469398995
2024-01-10-16:34:39,0.63,0.95,0.71,0.91,0.55,0.57,0.03,0.91,0.19,0.47,0.75,2.83671309847009
2024-01-10-16:34:40,0.19,0.89,0.89,0.83,0.61,0.07,0.45,0.03,0.59,0.93,0.85,0.624075824287606
2024-01-10-16:34:41,0.03,0.57,0.93,0.29,0.27,0.29,0.33,0.93,0.37,0.05,0.65,0.539249685173549
2024-01-10-16:34:42,0.33,0.31,0.83,0.55,0.47,0.51,0.59,0.79,0.89,0.77,0.19,-0.103000323909758
2024-01-10-16:34:43,0.15,0.65,0.51,0.67,0.33,0.37,0.23,0.47,0.47,0.29,0.29,0.743670067026143
2024-01-10-16:34:43,0.01,0.11,0.45,0.93,0.83,0.27,0.15,0.99,0.73,0.09,0.89,0.439717733382146
2024-01-10-16:34:44,0.85,0.59,0.61,0.39,0.11,0.09,0.31,0.95,0.75,0.25,0.31,0.734021150632939
2024-01-10-16:34:45,0.17,0.85,0.87,0.73,0.29,0.39,0.73,0.65,0.61,0.11,0.01,0.424866430539404
2024-01-10-16:34:46,0.27,0.61,0.29,0.17,0.01,0.69,0.91,0.11,0.25,0.31,0.71,0.775015135902863
2024-01-10-16:34:47,0.51,0.47,0.35,0.89,0.67,0.11,0.85,0.61,0.87,0.43,0.93,0.622850057483183
2024-01-10-16:34:48,0.83,0.35,0.33,0.35,0.71,0.35,0.57,0.53,0.05,0.97,0.23,2.33209446597675
2024-01-10-16:34:49,0.95,0.33,0.15,0.01,0.09,0.03,0.77,0.23,0.69,0.13,0.87,-0.689929840320787
2024-01-10-16:34:50,0.77,0.75,0.09,0.87,0.59,0.19,0.53,0.35,0.17,0.91,0.99,3.04070351646604
2024-01-10-16:34:51,0.23,0.03,0.43,0.71,0.93,0.01,0.11,0.25,0.49,0.51,0.77,0.820155581999301
2024-01-10-16:34:52,0.65,0.13,0.47,0.63,0.15,0.87,0.09,0.29,0.35,0.41,0.69,2.33531175251043
2024-01-10-16:34:53,0.45,0.37,0.65,0.07,0.39,0.81,0.13,0.13,0.93,0.45,0.05,-0.304480321705666
2024-01-10-16:34:54,0.79,0.41,0.37,0.43,0.73,0.63,0.41,0.15,0.85,0.01,0.21,1.21186298719243
2024-01-10-16:34:55,0.93,0.63,0.39,0.65,0.79,0.79,0.19,0.05,0.63,0.21,0.47,0.208767236803607
2024-01-10-16:34:56,0.67,0.49,0.59,0.37,0.63,0.65,0.75,0.37,0.95,0.73,0.57,0.914655606120498
2024-01-10-16:34:57,0.05,0.77,0.19,0.85,0.89,0.33,0.55,0.01,0.39,0.81,0.43,0.955920110378291
2024-01-10-16:34:57,0.47,0.25,0.97,0.41,0.23,0.43,0.05,0.75,0.03,0.59,0.35,1.89352313729549
2024-01-10-16:34:58,0.07,0.87,0.31,0.21,0.99,0.17,0.47,0.39,0.21,0.23,0.81,0.794315566117886
2024-01-10-16:34:59,0.49,0.45,0.53,0.19,0.35,0.85,0.27,0.19,0.81,0.65,0.11,0.177043335508552
2024-01-10-16:35:00,0.25,0.27,0.07,0.25,0.77,0.95,0.21,0.85,0.91,0.57,0.49,-0.454460366488455
2024-01-10-16:35:01,0.11,0.51,0.73,0.03,0.51,0.41,0.79,0.59,0.07,0.03,0.45,0.92564394893642
2024-01-10-16:35:02,0.59,0.81,0.13,0.15,0.53,0.97,0.69,0.89,0.41,0.17,0.79,1.39005912679267
2024-01-10-16:35:03,0.73,0.05,0.55,0.51,0.03,0.53,0.17,0.17,0.83,0.35,0.37,1.54149561860829
2024-01-10-16:35:04,0.37,0.01,0.99,0.77,0.37,0.55,0.63,0.73,0.13,0.07,0.91,1.66269405106227
2024-01-10-16:35:05,0.13,0.83,0.23,0.81,0.95,0.99,0.01,0.07,0.43,0.61,0.09,0.998534820130767
2024-01-10-16:35:06,0.61,0.29,0.05,0.11,0.85,0.75,0.95,0.57,0.97,0.63,0.33,0.331918673031154
2024-01-10-16:35:07,0.75,0.71,0.91,0.23,0.41,0.23,0.67,0.31,0.11,0.39,0.03,2.67217565595847
2024-01-10-16:35:08,0.71,0.93,0.41,0.59,0.65,0.13,0.49,0.41,0.51,0.83,0.39,2.16921229798702
2024-01-10-16:35:08,0.81,0.15,0.01,0.09,0.07,0.15,0.37,0.81,0.67,0.27,0.41,1.09651530512046
2024-01-10-16:35:09,0.57,0.91,0.25,0.79,0.05,0.89,0.51,0.49,0.79,0.55,0.17,1.06886219352684
2024-01-10-16:35:10,0.43,0.17,0.69,0.69,0.43,0.93,0.39,0.67,0.33,0.15,0.51,1.38439903532899
2024-01-10-16:35:11,0.69,0.97,0.81,0.53,0.21,0.67,0.65,0.27,0.45,0.37,0.27,2.1465915200528
2024-01-10-16:35:12,0.87,0.23,0.67,0.95,0.13,0.61,0.81,0.71,0.09,0.87,0.55,2.14386565839642
2024-01-10-16:35:12,0.53,0.53,0.11,0.45,0.91,0.73,0.29,0.43,0.15,0.89,0.07,1.90113244318109
2024-01-10-16:35:13,0.21,0.69,0.79,0.47,0.87,0.71,0.35,0.09,0.55,0.99,0.59,0.417438166713794
2024-01-10-16:35:14,0.31,0.09,0.57,0.05,0.25,0.45,0.97,0.87,0.71,0.49,0.73,-0.181412685305781
2024-01-10-16:35:15,0.55,0.43,0.75,0.99,0.17,0.49,0.25,0.97,0.31,0.67,0.63,2.1780535209321
2024-01-10-16:35:16,0.39,0.79,0.77,0.49,0.45,0.47,0.61,0.51,0.29,0.71,0.97,1.15540172681928
2024-01-10-16:35:17,0.41,0.21,0.63,0.75,0.31,0.83,0.07,0.55,0.27,0.95,0.61,1.57675926014591
2024-01-10-16:35:17,0.09,0.99,0.85,0.13,0.81,0.05,0.87,0.33,0.65,0.75,0.95,-0.170151336724144
2024-01-10-16:35:18,0.29,0.55,0.27,0.57,0.57,0.25,0.83,0.77,0.99,0.69,0.15,-0.377519497483643
2024-01-10-16:35:19,0.91,0.67,0.21,0.97,0.75,0.59,0.43,0.63,0.23,0.19,0.67,1.47010225654796
2024-01-10-16:35:20,0.99,0.39,0.49,0.33,0.69,0.77,0.71,0.83,0.01,0.79,0.25,0.697090190222901
2024-01-10-16:35:21,0.97,0.19,0.03,0.61,0.19,0.31,0.99,0.21,0.57,0.33,0.53,-0.166026678241681
2024-01-10-16:35:22,0.89,0.07,0.95,0.31,0.97,0.21,0.93,0.45,0.77,0.85,0.83,0.0147994179734853
2024-01-10-16:35:22,0.35,0.73,0.17,0.27,0.49,0.91,0.89,0.69,0.53,0.53,0.13,0.400982237696672
2024-01-10-16:35:23,0.63,0.95,0.71,0.91,0.55,0.57,0.03,0.91,0.19,0.47,0.75,2.838419198228
2024-01-10-16:35:24,0.19,0.89,0.89,0.83,0.61,0.07,0.45,0.03,0.59,0.93,0.85,0.620387669359685
2024-01-10-16:35:25,0.03,0.57,0.93,0.29,0.27,0.29,0.33,0.93,0.37,0.05,0.65,0.540096043403723
2024-01-10-16:35:26,0.33,0.31,0.83,0.55,0.47,0.51,0.59,0.79,0.89,0.77,0.19,-0.102066989179852
2024-01-10-16:35:27,0.15,0.65,0.51,0.67,0.33,0.37,0.23,0.47,0.47,0.29,0.29,0.747716360605688
2024-01-10-16:35:28,0.01,0.11,0.45,0.93,0.83,0.27,0.15,0.99,0.73,0.09,0.89,0.443493905957516
2024-01-10-16:35:29,0.85,0.59,0.61,0.39,0.11,0.09,0.31,0.95,0.75,0.25,0.31,0.736462265282778
2024-01-10-16:35:30,0.17,0.85,0.87,0.73,0.29,0.39,0.73,0.65,0.61,0.11,0.01,0.418202194641822
2024-01-10-16:35:31,0.27,0.61,0.29,0.17,0.01,0.69,0.91,0.11,0.25,0.31,0.71,0.778266326382995
2024-01-10-16:35:32,0.51,0.47,0.35,0.89,0.67,0.11,0.85,0.61,0.87,0.43,0.93,0.627327093955532
2024-01-10-16:35:33,0.83,0.35,0.33,0.35,0.71,0.35,0.57,0.53,0.05,0.97,0.23,2.32608679960651
2024-01-10-16:35:34,0.95,0.33,0.15,0.01,0.09,0.03,0.77,0.23,0.69,0.13,0.87,-0.686302901846382
2024-01-10-16:35:35,0.77,0.75,0.09,0.87,0.59,0.19,0.53,0.35,0.17,0.91,0.99,3.03714900112777
2024-01-10-16:35:36,0.23,0.03,0.43,0.71,0.93,0.01,0.11,0.25,0.49,0.51,0.77,0.81733127025994
2024-01-10-16:35:37,0.65,0.13,0.47,0.63,0.15,0.87,0.09,0.29,0.35,0.41,0.69,2.33973825636089
2024-01-10-16:35:38,0.45,0.37,0.65,0.07,0.39,0.81,0.13,0.13,0.93,0.45,0.05,-0.305813140038613
2024-01-10-16:35:39,0.79,0.41,0.37,0.43,0.73,0.63,0.41,0.15,0.85,0.01,0.21,1.21158599530045
2024-01-10-16:35:40,0.93,0.63,0.39,0.65,0.79,0.79,0.19,0.05,0.63,0.21,0.47,0.214104540170745
2024-01-10-16:35:41,0.67,0.49,0.59,0.37,0.63,0.65,0.75,0.37,0.95,0.73,0.57,0.910359356725322
2024-01-10-16:35:42,0.05,0.77,0.19,0.85,0.89,0.33,0.55,0.01,0.39,0.81,0.43,0.958324202401483
2024-01-10-16:35:43,0.47,0.25,0.97,0.41,0.23,0.43,0.05,0.75,0.03,0.59,0.35,1.89809897711885
2024-01-10-16:35:44,0.07,0.87,0.31,0.21,0.99,0.17,0.47,0.39,0.21,0.23,0.81,0.792613644571096
2024-01-10-16:35:45,0.49,0.45,0.53,0.19,0.35,0.85,0.27,0.19,0.81,0.65,0.11,0.179241184697138
2024-01-10-16:35:46,0.25,0.27,0.07,0.25,0.77,0.95,0.21,0.85,0.91,0.57,0.49,-0.454391335340527
2024-01-10-16:35:47,0.11,0.51,0.73,0.03,0.51,0.41,0.79,0.59,0.07,0.03,0.45,0.925571372778105
2024-01-10-16:35:48,0.59,0.81,0.13,0.15,0.53,0.97,0.69,0.89,0.41,0.17,0.79,1.3894987520884
2024-01-10-16:35:49,0.73,0.05,0.55,0.51,0.03,0.53,0.17,0.17,0.83,0.35,0.37,1.5445228793732
2024-01-10-16:35:50,0.37,0.01,0.99,0.77,0.37,0.55,0.63,0.73,0.13,0.07,0.91,1.66437134554191
2024-01-10-16:35:51,0.13,0.83,0.23,0.81,0.95,0.99,0.01,0.07,0.43,0.61,0.09,1.00203646611911
2024-01-10-16:35:52,0.61,0.29,0.05,0.11,0.85,0.75,0.95,0.57,0.97,0.63,0.33,0.337433051926936
2024-01-10-16:35:53,0.75,0.71,0.91,0.23,0.41,0.23,0.67,0.31,0.11,0.39,0.03,2.66990919984606
2024-01-10-16:35:54,0.71,0.93,0.41,0.59,0.65,0.13,0.49,0.41,0.51,0.83,0.39,2.17035768480859
2024-01-10-16:35:55,0.81,0.15,0.01,0.09,0.07,0.15,0.37,0.81,0.67,0.27,0.41,1.09766869421618
2024-01-10-16:35:56,0.57,0.91,0.25,0.79,0.05,0.89,0.51,0.49,0.79,0.55,0.17,1.0767692664664
2024-01-10-16:35:57,0.43,0.17,0.69,0.69,0.43,0.93,0.39,0.67,0.33,0.15,0.51,1.38451795588068
2024-01-10-16:35:58,0.69,0.97,0.81,0.53,0.21,0.67,0.65,0.27,0.45,0.37,0.27,2.14158661903104
2024-01-10-16:35:59,0.87,0.23,0.67,0.95,0.13,0.61,0.81,0.71,0.09,0.87,0.55,2.14309288994206
2024-01-10-16:36:00,0.53,0.53,0.11,0.45,0.91,0.73,0.29,0.43,0.15,0.89,0.07,1.89683054320287
2024-01-10-16:36:01,0.21,0.69,0.79,0.47,0.87,0.71,0.35,0.09,0.55,0.99,0.59,0.415157815008788
2024-01-10-16:36:02,0.31,0.09,0.57,0.05,0.25,0.45,0.97,0.87,0.71,0.49,0.73,-0.183686806032021
2024-01-10-16:36:04,0.55,0.43,0.75,0.99,0.17,0.49,0.25,0.97,0.31,0.67,0.63,2.1762785692291
2024-01-10-16:36:05,0.39,0.79,0.77,0.49,0.45,0.47,0.61,0.51,0.29,0.71,0.97,1.15862219173143
2024-01-10-16:36:05,0.41,0.21,0.63,0.75,0.31,0.83,0.07,0.55,0.27,0.95,0.61,1.57637320202607
2024-01-10-16:36:06,0.09,0.99,0.85,0.13,0.81,0.05,0.87,0.33,0.65,0.75,0.95,-0.163755760032487
2024-01-10-16:36:07,0.29,0.55,0.27,0.57,0.57,0.25,0.83,0.77,0.99,0.69,0.15,-0.377874726300815
2024-01-10-16:36:08,0.91,0.67,0.21,0.97,0.75,0.59,0.43,0.63,0.23,0.19,0.67,1.46996985075567
2024-01-10-16:36:09,0.99,0.39,0.49,0.33,0.69,0.77,0.71,0.83,0.01,0.79,0.25,0.694271321086966
2024-01-10-16:36:10,0.97,0.19,0.03,0.61,0.19,0.31,0.99,0.21,0.57,0.33,0.53,-0.159102050754699
2024-01-10-16:36:11,0.89,0.07,0.95,0.31,0.97,0.21,0.93,0.45,0.77,0.85,0.83,0.0163095541394643
2024-01-10-16:36:12,0.35,0.73,0.17,0.27,0.49,0.91,0.89,0.69,0.53,0.53,0.13,0.395565579234331
2024-01-10-16:36:12,0.63,0.95,0.71,0.91,0.55,0.57,0.03,0.91,0.19,0.47,0.75,2.8402325686011
2024-01-10-17:27:20,0.998,0.512,0.367,0.798,0.307,0.122,0.188,0.968,0.722,0.798,0.028,-0.264989149938698
2024-01-10-17:27:21,0.478,0.988,0.667,0.057,0.117,0.857,0.353,0.302,0.923,0.558,0.738,-0.216347307910641
2024-01-10-17:27:22,0.732,0.068,0.593,0.752,0.712,0.512,0.857,0.247,0.853,0.417,0.643,1.56610492585437
2024-01-10-17:27:23,0.748,0.188,0.712,0.828,0.782,0.762,0.998,0.083,0.752,0.828,0.398,1.7879431831484
2024-01-10-17:27:24,0.033,0.242,0.427,0.617,0.158,0.808,0.417,0.242,0.233,0.278,0.203,1.09039802659182
2024-01-10-17:27:25,0.673,0.968,0.518,0.518,0.203,0.722,0.098,0.228,0.487,0.847,0.603,2.07053203543154
2024-01-10-17:27:26,0.962,0.427,0.438,0.203,0.143,0.163,0.143,0.593,0.212,0.367,0.647,0.365975514446167
2024-01-10-17:27:27,0.158,0.388,0.808,0.978,0.188,0.013,0.972,0.833,0.087,0.532,0.383,1.58604917552494
2024-01-10-17:27:28,0.708,0.637,0.247,0.432,0.573,0.173,0.348,0.877,0.688,0.742,0.853,1.69119613283978
2024-01-10-17:27:29,0.627,0.778,0.893,0.147,0.468,0.087,0.532,0.538,0.122,0.107,0.833,2.17136245846709
2024-01-10-17:27:30,0.422,0.818,0.233,0.182,0.133,0.003,0.522,0.422,0.893,0.613,0.953,-0.218167365289693
2024-01-10-17:27:31,0.643,0.718,0.103,0.933,0.163,0.482,0.657,0.087,0.698,0.568,0.562,1.73756272473767
2024-01-10-17:27:32,0.173,0.212,0.077,0.962,0.693,0.768,0.463,0.897,0.998,0.048,0.007,-0.0948573686089283
2024-01-10-17:27:33,0.203,0.283,0.122,0.242,0.297,0.897,0.633,0.583,0.562,0.343,0.552,0.164995194103091
2024-01-10-17:27:34,0.497,0.712,0.242,0.953,0.398,0.927,0.982,0.092,0.887,0.128,0.413,0.548404700338621
2024-01-10-17:27:35,0.542,0.542,0.253,0.003,0.587,0.798,0.083,0.843,0.613,0.788,0.362,0.618333121014613
2024-01-10-17:27:36,0.018,0.558,0.948,0.613,0.873,0.307,0.357,0.237,0.177,0.748,0.617,1.21231830994318
2024-01-10-17:27:37,0.083,0.258,0.318,0.968,0.627,0.948,0.048,0.978,0.333,0.548,0.522,1.32638935746518
2024-01-10-17:27:38,0.837,0.633,0.782,0.362,0.748,0.968,0.627,0.497,0.538,0.907,0.188,1.26940279516329
2024-01-10-17:27:38,0.323,0.353,0.463,0.718,0.768,0.487,0.458,0.752,0.193,0.933,0.133,1.44886168673055
2024-01-10-17:27:39,0.283,0.073,0.657,0.887,0.562,0.583,0.122,0.788,0.573,0.253,0.328,0.872524220421226
2024-01-10-17:27:40,0.427,0.573,0.237,0.897,0.453,0.508,0.258,0.587,0.823,0.147,0.667,0.607427067543223
2024-01-10-17:27:41,0.718,0.903,0.833,0.792,0.542,0.233,0.403,0.333,0.528,0.117,0.143,2.34122537304039
2024-01-10-17:27:42,0.677,0.403,0.778,0.923,0.528,0.033,0.823,0.383,0.643,0.873,0.098,1.96871294389004
2024-01-10-17:27:43,0.448,0.417,0.182,0.378,0.048,0.677,0.022,0.048,0.728,0.972,0.367,0.405709517328941
2024-01-10-17:27:44,0.013,0.463,0.802,0.033,0.552,0.538,0.843,0.128,0.917,0.217,0.788,-0.793381614497532
2024-01-10-17:27:45,0.552,0.502,0.458,0.623,0.532,0.578,0.378,0.068,0.208,0.663,0.897,2.02787505346522
2024-01-10-17:27:46,0.223,0.482,0.722,0.287,0.028,0.688,0.448,0.607,0.188,0.273,0.802,0.974251090514285
2024-01-10-17:27:47,0.152,0.448,0.287,0.823,0.487,0.978,0.512,0.938,0.388,0.653,0.512,0.979533474296712
2024-01-10-17:27:47,0.492,0.877,0.022,0.473,0.708,0.708,0.867,0.927,0.247,0.968,0.578,1.49153217889527
2024-01-10-17:27:48,0.978,0.338,0.372,0.948,0.752,0.247,0.613,0.168,0.482,0.853,0.873,0.314032363714237
2024-01-10-17:27:49,0.068,0.948,0.468,0.188,0.988,0.502,0.283,0.617,0.343,0.028,0.837,0.516274911928734
2024-01-10-17:27:51,0.693,0.933,0.263,0.637,0.448,0.138,0.812,0.778,0.367,0.087,0.117,2.37194536781472
2024-01-10-17:27:52,0.568,0.703,0.633,0.083,0.893,0.863,0.718,0.677,0.253,0.427,0.003,1.53112735688396
2024-01-10-17:27:52,0.133,0.182,0.867,0.367,0.703,0.077,0.877,0.637,0.623,0.383,0.893,0.0770091206896889
2024-01-10-17:27:53,0.362,0.833,0.583,0.128,0.357,0.113,0.033,0.438,0.693,0.237,0.487,0.0224862659433672
2024-01-10-17:27:54,0.818,0.422,0.762,0.077,0.992,0.383,0.443,0.482,0.143,0.287,0.198,2.05793079151314
2024-01-10-17:27:55,0.193,0.468,0.792,0.927,0.823,0.212,0.007,0.388,0.338,0.512,0.992,1.33296280724443
2024-01-10-17:27:56,0.792,0.022,0.057,0.837,0.657,0.007,0.323,0.732,0.982,0.762,0.448,1.30618333555608
2024-01-10-17:27:57,0.233,0.698,0.972,0.028,0.362,0.463,0.333,0.353,0.173,0.992,0.193,0.794903899338385
2024-01-10-17:27:58,0.883,0.568,0.188,0.998,0.242,0.732,0.398,0.988,0.018,0.398,0.913,2.26983114139685
2024-01-10-17:27:59,0.087,0.163,0.147,0.198,0.722,0.873,0.853,0.627,0.443,0.403,0.022,0.298340559765319
2024-01-10-17:27:59,0.798,0.653,0.128,0.917,0.758,0.168,0.847,0.703,0.712,0.173,0.247,1.73130561473008
2024-01-10-17:28:00,0.357,0.128,0.548,0.693,0.208,0.853,0.927,0.647,0.703,0.453,0.798,0.365487940797525
2024-01-10-17:28:01,0.917,0.742,0.653,0.938,0.247,0.318,0.453,0.907,0.988,0.292,0.998,-0.162843314035182
2024-01-10-17:28:02,0.562,0.677,0.048,0.388,0.972,0.068,0.497,0.548,0.637,0.283,0.778,0.99837337135475
2024-01-10-17:28:03,0.372,0.593,0.297,0.168,0.617,0.923,0.738,0.808,0.843,0.518,0.538,-0.255171022095531
2024-01-10-17:28:04,0.778,0.193,0.158,0.273,0.018,0.062,0.698,0.028,0.028,0.083,0.223,2.76623549679444
2024-01-10-17:28:05,0.007,0.408,0.933,0.258,0.138,0.877,0.958,0.623,0.398,0.223,0.083,0.405826068797105
2024-01-10-17:28:06,0.453,0.758,0.538,0.643,0.938,0.468,0.933,0.792,0.798,0.482,0.502,0.366391836923765
2024-01-10-17:28:07,0.948,0.788,0.502,0.438,0.613,0.312,0.728,0.857,0.568,0.168,0.278,-0.0912563034759266
2024-01-10-17:28:08,0.028,0.913,0.357,0.943,0.863,0.302,0.818,0.782,0.383,0.772,0.732,0.964676240354712
2024-01-10-17:28:09,0.943,0.117,0.073,0.138,0.578,0.193,0.548,0.208,0.497,0.752,0.968,-0.133338469648312
2024-01-10-17:28:10,0.712,0.152,0.758,0.383,0.463,0.718,0.988,0.253,0.473,0.958,0.458,2.01119907639846
2024-01-10-17:28:11,0.147,0.453,0.473,0.633,0.283,0.982,0.438,0.193,0.617,0.867,0.403,0.374576629663459
2024-01-10-17:28:12,0.823,0.923,0.708,0.603,0.897,0.073,0.583,0.597,0.057,0.448,0.982,2.60443695368965
2024-01-10-17:28:13,0.512,0.168,0.033,0.698,0.383,0.388,0.253,0.823,0.323,0.492,0.283,1.70634854371351
2024-01-10-17:28:14,0.768,0.343,0.028,0.907,0.738,0.237,0.578,0.913,0.943,0.647,0.877,1.51840811627785
2024-01-10-17:28:15,0.208,0.982,0.278,0.772,0.772,0.693,0.938,0.103,0.163,0.443,0.673,1.32368033390925
2024-01-10-17:28:16,0.528,0.623,0.688,0.607,0.393,0.617,0.388,0.528,0.107,0.877,0.587,2.10124856840804
2024-01-10-17:28:16,0.587,0.098,0.843,0.482,0.057,0.338,0.427,0.117,0.422,0.837,0.018,1.64826139580109
2024-01-10-17:28:17,0.103,0.057,0.228,0.448,0.388,0.613,0.837,0.683,0.718,0.542,0.857,-0.0612842673252732
2024-01-10-17:28:18,0.338,0.962,0.432,0.712,0.253,0.478,0.287,0.812,0.033,0.843,0.677,1.82266304089553
2024-01-10-17:28:19,0.057,0.013,0.542,0.528,0.683,0.607,0.518,0.512,0.667,0.718,0.253,0.135879081541204
2024-01-10-17:28:20,0.893,0.538,0.748,0.492,0.818,0.048,0.792,0.163,0.992,0.203,0.432,-0.31500783206399
2024-01-10-17:28:21,0.268,0.857,0.913,0.048,0.927,0.357,0.182,0.613,0.413,0.372,0.693,0.363654013719961
2024-01-10-17:28:22,0.867,0.287,0.007,0.107,0.802,0.643,0.992,0.772,0.758,0.473,0.923,0.201601077936112
2024-01-10-17:28:23,0.393,0.328,0.378,0.722,0.312,0.728,0.558,0.748,0.198,0.463,0.657,1.55314980763843
2024-01-10-17:28:23,0.988,0.147,0.312,0.038,0.417,0.492,0.338,0.323,0.152,0.323,0.688,0.192227018243041
2024-01-10-17:28:24,0.623,0.458,0.923,0.143,0.798,0.988,0.263,0.643,0.302,0.333,0.053,1.80236691061542
2024-01-10-17:28:25,0.107,0.647,0.627,0.742,0.372,0.593,0.703,0.712,0.897,0.357,0.122,-0.167144455818825
2024-01-10-17:28:26,0.098,0.972,0.353,0.548,0.098,0.883,0.422,0.152,0.283,0.953,0.532,0.948969581536571
2024-01-10-17:28:27,0.933,0.812,0.482,0.223,0.943,0.962,0.873,0.018,0.117,0.233,0.128,0.755896805827637
2024-01-10-17:28:28,0.343,0.443,0.978,0.857,0.287,0.323,0.762,0.463,0.742,0.393,0.917,0.428223694124529
2024-01-10-17:28:29,0.833,0.092,0.643,0.497,0.258,0.028,0.688,0.887,0.228,0.897,0.812,2.03978706080157
2024-01-10-17:28:29,0.728,0.292,0.873,0.393,0.443,0.992,0.393,0.742,0.147,0.077,0.048,2.77175140988165
2024-01-10-17:28:30,0.473,0.728,0.558,0.408,0.518,0.133,0.562,0.233,0.278,0.903,0.748,1.34961461898241
2024-01-10-17:28:31,0.738,0.508,0.333,0.972,0.328,0.758,0.953,0.073,0.653,0.242,0.708,2.10807651188259
2024-01-10-17:28:32,0.177,0.003,0.828,0.522,0.173,0.712,0.708,0.188,0.287,0.432,0.758,0.913089409276586
2024-01-10-17:28:33,0.022,0.432,0.552,0.458,0.273,0.847,0.962,0.522,0.348,0.643,0.438,0.648586017554188
2024-01-10-17:28:34,0.637,0.487,0.383,0.348,0.152,0.458,0.752,0.698,0.103,0.583,0.312,2.41335866312485
2024-01-10-17:28:35,0.287,0.998,0.083,0.343,0.492,0.092,0.778,0.867,0.833,0.943,0.478,-0.235405297662574
2024-01-10-17:28:35,0.253,0.897,0.528,0.583,0.847,0.597,0.623,0.283,0.237,0.247,0.268,1.13605598855989
2024-01-10-17:28:36,0.443,0.752,0.798,0.748,0.233,0.217,0.042,0.053,0.558,0.138,0.417,1.09192426049371
2024-01-10-17:28:37,0.583,0.762,0.578,0.677,0.107,0.752,0.268,0.953,0.593,0.228,0.712,1.48828680479413
2024-01-10-17:28:38,0.038,0.333,0.623,0.903,0.933,0.022,0.312,0.062,0.203,0.712,0.152,1.42911356724698
2024-01-10-17:28:39,0.388,0.198,0.417,0.847,0.228,0.627,0.833,0.893,0.708,0.268,0.357,0.55391869033853
2024-01-10-17:28:40,0.348,0.217,0.677,0.542,0.147,0.147,0.372,0.013,0.128,0.893,0.782,1.4812175517887
2024-01-10-17:28:41,0.667,0.688,0.107,0.573,0.497,0.107,0.107,0.718,0.297,0.732,0.768,2.47557342883616
2024-01-10-17:28:41,0.237,0.867,0.698,0.833,0.122,0.532,0.542,0.917,0.263,0.163,0.463,1.29179084375067
2024-01-10-17:28:42,0.657,0.907,0.443,0.667,0.263,0.258,0.502,0.453,0.938,0.998,0.703,1.15177600003929
2024-01-10-17:28:43,0.273,0.398,0.742,0.657,0.343,0.403,0.913,0.518,0.627,0.152,0.497,0.376552995104396
2024-01-10-17:28:44,0.913,0.583,0.512,0.703,0.422,0.333,0.203,0.042,0.782,0.808,0.258,0.142464040860141
2024-01-10-17:28:45,0.247,0.033,0.603,0.732,0.077,0.943,0.528,0.728,0.607,0.863,0.883,0.532605219197968
2024-01-10-17:28:46,0.688,0.302,0.837,0.278,0.728,0.018,0.798,0.958,0.552,0.728,0.087,1.71657401878802
2024-01-10-17:28:46,0.992,0.323,0.348,0.283,0.033,0.198,0.897,0.688,0.242,0.328,0.583,0.162852612051373
2024-01-10-17:28:47,0.597,0.173,0.607,0.818,0.438,0.042,0.013,0.427,0.417,0.263,0.492,2.10564902140293
2024-01-10-17:28:48,0.647,0.522,0.223,0.193,0.877,0.812,0.643,0.837,0.138,0.833,0.013,2.28732180450939
2024-01-10-17:28:49,0.182,0.883,0.522,0.417,0.408,0.958,0.768,0.448,0.357,0.927,0.962,0.682197987623999
2024-01-10-17:28:50,0.212,0.048,0.003,0.013,0.812,0.562,0.163,0.603,0.518,0.913,0.158,0.0756153990866274
2024-01-10-17:28:51,0.927,0.492,0.422,0.092,0.103,0.637,0.492,0.077,0.022,0.768,0.062,0.927696539618717
2024-01-10-17:28:52,0.772,0.223,0.328,0.812,0.647,0.353,0.057,0.022,0.478,0.468,0.302,2.48147968250979
2024-01-10-17:28:53,0.398,0.107,0.738,0.053,0.292,0.103,0.217,0.558,0.048,0.802,0.237,1.30448708196252
2024-01-10-17:28:54,0.053,0.673,0.812,0.328,0.663,0.057,0.917,0.653,0.883,0.917,0.718,-0.503156384511278
2024-01-10-17:28:55,0.938,0.122,0.403,0.782,0.833,0.647,0.772,0.933,0.792,0.438,0.623,-0.198153605922665
2024-01-10-17:28:55,0.607,0.083,0.958,0.247,0.512,0.772,0.068,0.312,0.003,0.122,0.542,2.42090061126198
2024-01-10-17:28:56,0.752,0.597,0.478,0.177,0.958,0.098,0.943,0.487,0.657,0.948,0.372,1.51325008071571
2024-01-10-17:28:57,0.198,0.307,0.927,0.073,0.333,0.417,0.782,0.818,0.378,0.597,0.823,0.388437405816086
2024-01-10-17:28:58,0.897,0.237,0.732,0.532,0.378,0.158,0.468,0.348,0.393,0.708,0.698,0.90882053993723
2024-01-10-17:28:59,0.762,0.732,0.962,0.253,0.698,0.623,0.568,0.883,0.578,0.883,0.318,1.72743466270178
2024-01-10-17:29:00,0.307,0.887,0.143,0.778,0.237,0.408,0.147,0.573,0.828,0.302,0.353,0.280922225100243
2024-01-10-17:29:01,0.138,0.268,0.587,0.103,0.212,0.893,0.228,0.287,0.438,0.538,0.073,0.27658668055045
2024-01-10-17:29:01,0.143,0.873,0.393,0.237,0.998,0.083,0.158,0.633,0.772,0.698,0.468,-0.262424490276509
2024-01-10-17:29:03,0.653,0.278,0.877,0.398,0.843,0.208,0.103,0.478,0.877,0.353,0.338,1.07492069855405
2024-01-10-17:29:03,0.367,0.823,0.113,0.018,0.038,0.837,0.653,0.198,0.597,0.422,0.772,0.110712847904999
2024-01-10-17:29:04,0.417,0.683,0.968,0.683,0.042,0.268,0.053,0.722,0.217,0.703,0.548,1.63711378360665
2024-01-10-17:29:05,0.312,0.113,0.728,0.158,0.968,0.653,0.712,0.443,0.092,0.593,0.068,1.14063857148448
2024-01-10-17:29:06,0.487,0.657,0.448,0.333,0.837,0.673,0.883,0.828,0.427,0.133,0.943,1.00201716457007
2024-01-10-17:29:07,0.758,0.028,0.117,0.843,0.593,0.528,0.242,0.673,0.328,0.113,0.683,2.81635018657171
2024-01-10-17:29:08,0.722,0.748,0.487,0.042,0.003,0.548,0.273,0.003,0.907,0.033,0.863,0.928998847449749
2024-01-10-17:29:09,0.378,0.208,0.208,0.988,0.742,0.742,0.343,0.033,0.372,0.362,0.307,1.45408625123203
2024-01-10-17:29:09,0.113,0.938,0.302,0.873,0.883,0.867,0.003,0.357,0.083,0.857,0.728,1.75484290806596
2024-01-10-17:29:10,0.062,0.273,0.768,0.627,0.367,0.828,0.278,0.393,0.972,0.307,0.393,-0.339055187500274
2024-01-10-17:29:11,0.958,0.693,0.597,0.478,0.558,0.117,0.133,0.532,0.788,0.158,0.287,-0.492928357334032
2024-01-10-17:29:12,0.907,0.978,0.013,0.982,0.302,0.362,0.903,0.768,0.013,0.413,0.933,1.80718975233216
2024-01-10-17:29:13,0.117,0.532,0.268,0.653,0.068,0.343,0.223,0.212,0.292,0.758,0.847,1.07047854362759
2024-01-10-17:29:14,0.073,0.808,0.818,0.913,0.953,0.278,0.038,0.948,0.677,0.812,0.903,0.580191973700259
2024-01-10-17:29:15,0.217,0.362,0.903,0.098,0.502,0.998,0.018,0.038,0.948,0.378,0.182,-0.698423046554668
2024-01-10-17:29:15,0.873,0.853,0.338,0.357,0.083,0.473,0.117,0.177,0.312,0.053,0.208,1.28210653363205
2024-01-10-17:29:16,0.522,0.798,0.497,0.338,0.053,0.497,0.077,0.362,0.468,0.502,0.163,1.1481029271894
2024-01-10-17:29:17,0.573,0.062,0.573,0.463,0.128,0.283,0.828,0.972,0.042,0.348,0.568,2.26327377357371
2024-01-10-17:29:18,0.923,0.927,0.173,0.578,0.948,0.367,0.587,0.318,0.873,0.068,0.528,-0.331087204151687
2024-01-10-17:29:19,0.432,0.053,0.038,0.297,0.867,0.287,0.152,0.657,0.603,0.528,0.297,0.518891399260426
2024-01-10-17:29:20,0.633,0.548,0.138,0.122,0.853,0.558,0.742,0.343,0.268,0.657,0.593,1.88994971506862
2024-01-10-17:29:21,0.508,0.312,0.532,0.208,0.607,0.568,0.087,0.372,0.913,0.208,0.378,0.0725306129731051
2024-01-10-17:29:21,0.242,0.478,0.283,0.163,0.338,0.328,0.073,0.173,0.663,0.297,0.742,-0.0457263180761887
2024-01-10-17:29:22,0.077,0.617,0.362,0.883,0.323,0.667,0.693,0.473,0.953,0.573,0.033,-0.175161649095221
2024-01-10-17:29:23,0.292,0.828,0.273,0.152,0.538,0.907,0.208,0.273,0.647,0.587,0.333,0.0269555160429654
2024-01-10-17:29:24,0.742,0.393,0.307,0.212,0.073,0.378,0.302,0.398,0.812,0.887,0.482,1.28527292548339
2024-01-10-17:29:25,0.603,0.158,0.217,0.992,0.653,0.443,0.318,0.297,0.007,0.693,0.292,3.04394980901806
2024-01-10-17:29:26,0.302,0.643,0.907,0.323,0.182,0.398,0.808,0.802,0.408,0.683,0.242,0.621494366164635
2024-01-10-17:29:26,0.438,0.953,0.168,0.708,0.353,0.587,0.198,0.203,0.353,0.038,0.938,1.41324399972323
2024-01-10-17:29:27,0.953,0.627,0.508,0.558,0.792,0.633,0.788,0.578,0.903,0.688,0.138,-0.72172386739388
2024-01-10-17:29:28,0.802,0.528,0.938,0.453,0.318,0.903,0.307,0.182,0.307,0.177,0.343,2.23403156381454
2024-01-10-17:29:29,0.853,0.958,0.647,0.808,0.278,0.913,0.193,0.738,0.053,0.617,0.042,2.49371278913226
2024-01-10-17:29:30,0.788,0.863,0.053,0.663,0.092,0.518,0.413,0.847,0.038,0.022,0.843,3.05310418342599
2024-01-10-17:29:31,0.502,0.203,0.663,0.487,0.788,0.542,0.328,0.693,0.863,0.552,0.867,0.380310790544501
2024-01-10-17:29:31,0.698,0.297,0.673,0.877,0.268,0.188,0.128,0.113,0.978,0.497,0.988,1.53034284830274
2024-01-10-17:29:32,0.538,0.663,0.343,0.688,0.458,0.933,0.732,0.667,0.968,0.722,0.388,0.424404151516753
2024-01-10-17:29:33,0.578,0.103,0.388,0.353,0.887,0.038,0.367,0.338,0.403,0.603,0.653,1.53143943198236
2024-01-10-17:29:34,0.808,0.552,0.133,0.307,0.667,0.972,0.978,0.217,0.502,0.193,0.217,1.59136991138556
2024-01-10-17:29:35,0.863,0.038,0.887,0.562,0.643,0.413,0.573,0.147,0.818,0.312,0.627,0.5380035618282
2024-01-10-17:29:36,0.663,0.087,0.068,0.117,0.633,0.573,0.667,0.853,0.673,0.073,0.228,1.24286027662785
2024-01-10-17:29:36,0.003,0.367,0.398,0.007,0.013,0.938,0.113,0.992,0.448,0.098,0.103,0.133524450602726
2024-01-10-17:29:37,0.092,0.607,0.917,0.502,0.778,0.738,0.487,0.417,0.927,0.388,0.113,-0.388656650151774
2024-01-10-17:29:38,0.333,0.893,0.453,0.087,0.688,0.657,0.383,0.432,0.867,0.103,0.887,-0.427164777601606
2024-01-10-17:29:39,0.383,0.613,0.258,0.802,0.007,0.778,0.212,0.468,0.463,0.818,0.443,1.14284513760519
2024-01-10-17:29:40,0.042,0.378,0.703,0.568,0.828,0.843,0.637,0.138,0.522,0.188,0.168,0.437899779496889
2024-01-10-17:29:41,0.128,0.843,0.752,0.768,0.022,0.683,0.297,0.508,0.958,0.013,0.818,-0.168226548731376
2024-01-10-17:29:42,0.828,0.792,0.847,0.758,0.432,0.782,0.647,0.502,0.802,0.637,0.453,1.16428666850387
2024-01-10-17:29:42,0.982,0.383,0.988,0.728,0.907,0.203,0.683,0.542,0.073,0.018,0.233,0.920380157104637
2024-01-10-17:29:43,0.458,0.847,0.637,0.538,0.548,0.372,0.432,0.562,0.683,0.487,0.177,0.618855333551506
2024-01-10-17:29:44,0.297,0.992,0.087,0.853,0.637,0.698,0.597,0.923,0.532,0.677,0.092,0.820428186115768
2024-01-10-17:29:45,0.468,0.318,0.323,0.413,0.413,0.273,0.863,0.403,0.962,0.522,0.038,-0.0714306286164859
2024-01-10-17:29:46,0.613,0.438,0.042,0.427,0.478,0.263,0.607,0.367,0.432,0.458,0.597,1.70668091821259
2024-01-10-17:29:47,0.263,0.768,0.788,0.673,0.917,0.603,0.802,0.708,0.458,0.212,0.808,0.740536541470668
2024-01-10-17:29:48,0.548,0.782,0.062,0.738,0.978,0.788,0.603,0.292,0.738,0.782,0.408,0.999887666082413
2024-01-10-17:29:49,0.703,0.587,0.982,0.958,0.623,0.228,0.173,0.762,0.542,0.007,0.422,2.48884261639475
2024-01-10-17:29:50,0.903,0.247,0.897,0.443,0.568,0.242,0.722,0.962,0.223,0.667,0.633,1.06247053071874
2024-01-10-17:29:51,0.258,0.177,0.408,0.302,0.732,0.953,0.968,0.413,0.808,0.042,0.828,-0.262140380756036
2024-01-10-17:29:51,0.482,0.603,0.953,0.863,0.217,0.663,0.508,0.873,0.748,0.982,0.518,0.830133070879161
2024-01-10-17:29:52,0.558,0.138,0.198,0.593,0.427,0.427,0.758,0.408,0.062,0.092,0.348,2.26006460648289
2024-01-10-17:29:53,0.403,0.722,0.823,0.217,0.087,0.177,0.478,0.133,0.857,0.988,0.607,-0.164693179346655
2024-01-10-17:29:54,0.278,0.497,0.683,0.422,0.482,0.128,0.948,0.258,0.098,0.623,0.473,1.26325788366878
2024-01-10-17:29:55,0.877,0.042,0.212,0.587,0.808,0.703,0.292,0.568,0.492,0.318,0.722,1.06294438725637
2024-01-10-17:29:56,0.353,0.917,0.413,0.292,0.962,0.748,0.748,0.263,0.762,0.508,0.077,-0.029976905663965
2024-01-10-17:29:57,0.968,0.943,0.718,0.508,0.857,0.253,0.923,0.007,0.182,0.338,0.752,0.564988171282306
2024-01-10-17:29:58,0.847,0.708,0.092,0.893,0.403,0.432,0.907,0.982,0.778,0.627,0.762,1.01456587762735
2024-01-10-17:29:58,0.593,0.837,0.883,0.228,0.168,0.917,0.177,0.492,0.548,0.778,0.057,1.22781666134647
2024-01-10-17:29:59,0.887,0.228,0.617,0.512,0.903,0.223,0.593,0.378,0.453,0.978,0.972,0.891866821771305
2024-01-10-17:30:00,0.168,0.473,0.568,0.312,0.583,0.818,0.552,0.143,0.732,0.673,0.323,-0.135534189731101
2024-01-10-17:30:02,0.413,0.372,0.492,0.762,0.522,0.823,0.677,0.122,0.362,0.057,0.927,1.27430912452263
2024-01-10-17:30:03,0.122,0.738,0.943,0.647,0.113,0.887,0.168,0.552,0.318,0.258,0.948,1.02743373002398
2024-01-10-17:30:04,0.972,0.518,0.018,0.403,0.193,0.552,0.408,0.268,0.113,0.962,0.508,0.664285255238434
2024-01-10-17:30:05,0.188,0.578,0.857,0.022,0.597,0.833,0.138,0.758,0.512,0.562,0.958,0.0834809250880773
2024-01-10-17:30:06,0.843,0.133,0.998,0.233,0.913,0.792,0.362,0.458,0.158,0.792,0.107,1.8686781701216
2024-01-10-17:30:07,0.617,0.253,0.853,0.173,0.923,0.348,0.247,0.278,0.508,0.143,0.907,1.38339271867664
2024-01-10-17:30:07,0.812,0.667,0.152,0.113,0.762,0.802,0.887,0.158,0.847,0.478,0.147,0.730383267252917
2024-01-10-17:30:08,0.408,0.233,0.177,0.468,0.673,0.448,0.538,0.307,0.837,0.633,0.613,0.0959316035644586
2024-01-10-17:30:09,0.857,0.143,0.292,0.552,0.677,0.422,0.482,0.107,0.077,0.003,0.212,2.10367030529792
2024-01-10-17:30:10,0.163,0.357,0.613,0.597,0.062,0.297,0.233,0.328,0.933,0.198,0.792,-0.24310719187733
2024-01-10-17:30:11,0.048,0.562,0.992,0.068,0.982,0.292,0.617,0.098,0.768,0.182,0.978,-0.456003691765013
2024-01-10-17:30:12,0.782,0.018,0.163,0.133,0.718,0.453,0.092,0.863,0.583,0.408,0.173,1.54898034678929
2024-01-10-17:30:13,0.318,0.077,0.098,0.318,0.198,0.182,0.237,0.798,0.587,0.738,0.263,0.333856438467059
2024-01-10-17:30:14,0.518,0.263,0.693,0.268,0.508,0.438,0.028,0.223,0.273,0.823,0.427,1.4551734573978
2024-01-10-17:30:14,0.228,0.348,0.193,0.263,0.603,0.053,0.673,0.663,0.633,0.607,0.637,0.0520252889689773
2024-01-10-17:30:15,0.328,0.802,0.562,0.788,0.223,0.393,0.663,0.998,0.258,0.062,0.273,1.33371156202989
2024-01-10-17:30:16,0.463,0.413,0.203,0.372,0.348,0.522,0.893,0.943,0.168,0.938,0.663,1.46500119988165
2024-01-10-17:30:18,0.532,0.772,0.863,0.867,0.177,0.143,0.062,0.057,0.068,0.923,0.573,2.50804511472382
2024-01-10-17:30:19,0.683,0.007,0.772,0.062,0.473,0.152,0.473,0.903,0.133,0.578,0.558,2.37592571568164
2024-01-10-17:46:10,0.291,0.064,0.796,0.094,0.589,0.551,0.311,0.796,0.704,0.866,0.204,-0.146803460838929
2024-01-10-17:46:11,0.934,0.079,0.144,0.264,0.441,0.514,0.919,0.961,0.556,0.076,0.659,-0.0988158183210092
2024-01-10-17:46:12,0.774,0.681,0.409,0.614,0.979,0.411,0.046,0.206,0.171,0.614,0.166,2.88738300412287
2024-01-10-17:46:12,0.326,0.566,0.831,0.876,0.984,0.809,0.829,0.584,0.954,0.446,0.976,-0.027791877407167
2024-01-10-17:46:13,0.226,0.826,0.919,0.741,0.089,0.421,0.481,0.344,0.591,0.396,0.739,0.558596562067703
2024-01-10-17:46:14,0.641,0.001,0.791,0.011,0.551,0.791,0.439,0.726,0.291,0.691,0.279,1.80101642113533
2024-01-10-17:46:15,0.276,0.501,0.686,0.914,0.064,0.631,0.144,0.741,0.706,0.844,0.151,0.618756993478754
2024-01-10-17:46:16,0.271,0.701,0.326,0.944,0.461,0.871,0.859,0.044,0.501,0.571,0.764,0.849293440987514
2024-01-10-17:46:17,0.001,0.746,0.506,0.549,0.379,0.606,0.891,0.146,0.549,0.686,0.531,0.322378104305835
2024-01-10-17:46:18,0.594,0.204,0.729,0.659,0.411,0.719,0.674,0.264,0.091,0.754,0.171,2.45139725395993
2024-01-10-17:46:18,0.561,0.474,0.994,0.206,0.486,0.161,0.476,0.779,0.526,0.624,0.941,1.06474863394893
2024-01-10-17:46:19,0.076,0.304,0.466,0.834,0.914,0.776,0.754,0.546,0.681,0.306,0.516,0.31810219932934
2024-01-10-17:46:20,0.614,0.104,0.939,0.929,0.451,0.099,0.206,0.471,0.029,0.881,0.674,3.03222975175183
2024-01-10-17:46:21,0.931,0.149,0.374,0.379,0.511,0.859,0.739,0.381,0.359,0.601,0.469,0.427807272806078
2024-01-10-17:46:22,0.724,0.356,0.064,0.276,0.371,0.679,0.161,0.954,0.141,0.664,0.894,2.68954193186004
2024-01-10-17:46:23,0.644,0.936,0.709,0.499,0.769,0.166,0.946,0.871,0.711,0.369,0.146,1.32667567069034
2024-01-10-17:46:24,0.114,0.559,0.044,0.916,0.536,0.159,0.064,0.299,0.709,0.791,0.631,0.522777028081734
2024-01-10-17:46:24,0.081,0.649,0.004,0.964,0.464,0.419,0.974,0.091,0.271,0.344,0.209,1.17353565928911
2024-01-10-17:46:25,0.874,0.821,0.024,0.609,0.639,0.831,0.881,0.604,0.131,0.764,0.076,1.73533103456324
2024-01-10-17:46:26,0.666,0.344,0.619,0.049,0.691,0.736,0.511,0.879,0.809,0.039,0.706,0.927456488365387
2024-01-10-17:46:27,0.936,0.576,0.509,0.529,0.894,0.364,0.854,0.041,0.516,0.569,0.289,0.17214432686306
2024-01-10-17:46:28,0.071,0.169,0.124,0.421,0.681,0.484,0.041,0.496,0.724,0.311,0.499,-0.00246355221742661
2024-01-10-17:46:29,0.404,0.451,0.489,0.994,0.369,0.469,0.399,0.049,0.801,0.476,0.271,0.641984695984519
2024-01-10-17:46:30,0.954,0.221,0.484,0.294,0.549,0.094,0.074,0.629,0.331,0.891,0.049,0.279522067443712
2024-01-10-17:46:30,0.626,0.831,0.361,0.971,0.794,0.524,0.756,0.876,0.969,0.436,0.081,1.10736350119018
2024-01-10-17:46:31,0.316,0.086,0.596,0.441,0.594,0.399,0.781,0.219,0.854,0.704,0.376,-0.164219253489456
2024-01-10-17:46:32,0.654,0.419,0.991,0.686,0.519,0.351,0.489,0.634,0.039,0.106,0.114,2.95213894938817
2024-01-10-17:46:33,0.709,0.429,0.749,0.444,0.179,0.051,0.986,0.531,0.114,0.824,0.281,2.76827913084705
2024-01-10-17:46:34,0.779,0.561,0.871,0.446,0.139,0.261,0.434,0.639,0.824,0.416,0.589,1.33898099735018
2024-01-10-17:46:35,0.259,0.211,0.551,0.879,0.174,0.019,0.106,0.314,0.694,0.734,0.379,0.59561635044171
2024-01-10-17:46:36,0.949,0.656,0.189,0.179,0.831,0.591,0.049,0.981,0.629,0.399,0.724,-0.390676995860563
2024-01-10-17:46:37,0.904,0.809,0.976,0.334,0.309,0.416,0.329,0.031,0.036,0.949,0.641,1.38214380267049
2024-01-10-17:46:37,0.449,0.424,0.856,0.291,0.996,0.924,0.229,0.894,0.209,0.144,0.024,1.33426348179936
2024-01-10-17:46:38,0.574,0.594,0.246,0.261,0.019,0.081,0.576,0.521,0.634,0.064,0.249,0.949464677291594
2024-01-10-17:46:39,0.191,0.129,0.519,0.376,0.579,0.614,0.141,0.801,0.054,0.316,0.021,1.33626065838182
2024-01-10-17:46:40,0.104,0.669,0.666,0.649,0.959,0.496,0.269,0.699,0.366,0.251,0.899,0.906520117154729
2024-01-10-17:46:41,0.174,0.651,0.141,0.884,0.529,0.379,0.006,0.696,0.244,0.236,0.746,1.46766113860483
2024-01-10-17:46:42,0.391,0.984,0.309,0.161,0.036,0.229,0.526,0.011,0.731,0.549,0.966,0.0115356212534189
2024-01-10-17:46:43,0.161,0.349,0.564,0.636,0.601,0.906,0.896,0.874,0.056,0.491,0.424,1.42088753956814
2024-01-10-17:46:43,0.581,0.081,0.876,0.706,0.274,0.556,0.129,0.729,0.919,0.921,0.394,0.87905035145939
2024-01-10-17:46:44,0.311,0.774,0.864,0.471,0.514,0.366,0.794,0.464,0.021,0.646,0.704,1.5155711057148
2024-01-10-17:46:45,0.579,0.706,0.001,0.001,0.789,0.234,0.114,0.194,0.979,0.321,0.814,0.0712488525487468
2024-01-10-17:46:46,0.296,0.799,0.291,0.251,0.621,0.506,0.961,0.476,0.764,0.474,0.016,-0.168489122774212
2024-01-10-17:46:47,0.649,0.061,0.334,0.076,0.819,0.954,0.009,0.914,0.316,0.231,0.144,1.86429986569654
2024-01-10-17:46:48,0.476,0.599,0.281,0.371,0.401,0.461,0.874,0.176,0.151,0.161,0.896,1.54724344384142
2024-01-10-17:46:49,0.619,0.054,0.239,0.409,0.074,0.501,0.496,0.829,0.276,0.089,0.304,2.04904754383446
2024-01-10-17:46:49,0.919,0.271,0.331,0.954,0.169,0.891,0.949,0.014,0.004,0.169,0.521,1.65307081998389
2024-01-10-17:46:50,0.459,0.336,0.611,0.339,0.299,0.646,0.634,0.589,0.481,0.324,0.694,0.833622538855557
2024-01-10-17:46:51,0.219,0.191,0.494,0.271,0.334,0.294,0.601,0.769,0.531,0.044,0.494,0.26062324246092
2024-01-10-17:46:52,0.689,0.666,0.559,0.219,0.124,0.634,0.324,0.281,0.569,0.274,0.744,1.66984532163615
2024-01-10-17:46:53,0.091,0.661,0.979,0.909,0.364,0.336,0.714,0.416,0.856,0.256,0.121,0.0369180957171649
2024-01-10-17:46:54,0.189,0.074,0.661,0.449,0.859,0.796,0.554,0.579,0.991,0.956,0.196,-0.524032614608554
2024-01-10-17:46:55,0.159,0.209,0.496,0.281,0.414,0.989,0.831,0.461,0.554,0.906,0.056,0.168433048883588
2024-01-10-17:46:56,0.986,0.694,0.349,0.754,0.929,0.144,0.734,0.906,0.071,0.806,0.559,0.914491449116481
2024-01-10-17:46:58,0.279,0.801,0.634,0.654,0.341,0.284,0.549,0.301,0.231,0.544,0.929,1.24454498664348
2024-01-10-17:46:59,0.889,0.564,0.236,0.759,0.406,0.309,0.701,0.304,0.419,0.146,0.601,1.10858480047678
2024-01-10-17:47:00,0.966,0.791,0.431,0.721,0.004,0.771,0.456,0.509,0.416,0.389,0.006,0.366578829155467
2024-01-10-17:47:01,0.124,0.361,0.644,0.069,0.619,0.714,0.154,0.554,0.584,0.966,0.876,-0.053341188597687
2024-01-10-17:47:02,0.714,0.114,0.971,0.476,0.094,0.711,0.886,0.839,0.354,0.851,0.606,2.33316946393512
2024-01-10-17:47:03,0.859,0.609,0.086,0.801,0.724,0.844,0.071,0.099,0.249,0.026,0.264,2.04292271650361
2024-01-10-17:47:04,0.909,0.249,0.244,0.601,0.646,0.721,0.869,0.036,0.216,0.931,0.874,1.10552573485836
2024-01-10-17:47:04,0.011,0.256,0.109,0.031,0.774,0.254,0.299,0.414,0.794,0.486,0.231,-0.538716125613031
2024-01-10-17:47:05,0.336,0.329,0.219,0.544,0.249,0.426,0.691,0.586,0.104,0.149,0.644,1.4547094173039
2024-01-10-17:47:06,0.329,0.596,0.614,0.296,0.121,0.274,0.771,0.009,0.109,0.054,0.579,1.2379004093501
2024-01-10-17:47:07,0.204,0.489,0.016,0.936,0.611,0.799,0.611,0.681,0.394,0.254,0.999,1.06715369512907
2024-01-10-17:47:08,0.399,0.629,0.809,0.434,0.166,0.374,0.864,0.221,0.599,0.759,0.336,0.480681050923891
2024-01-10-17:47:09,0.536,0.616,0.129,0.314,0.291,0.489,0.509,0.479,0.606,0.371,0.299,0.872060109600678
2024-01-10-17:47:10,0.209,0.906,0.316,0.516,0.604,0.654,0.561,0.114,0.451,0.151,0.786,0.624338757839823
2024-01-10-17:47:11,0.864,0.196,0.474,0.144,0.534,0.616,0.126,0.624,0.686,0.156,0.124,0.455140647982283
2024-01-10-17:47:12,0.381,0.354,0.381,0.404,0.896,0.044,0.819,0.069,0.851,0.924,0.829,-0.0817235340514325
2024-01-10-17:47:12,0.906,0.234,0.266,0.864,0.739,0.751,0.999,0.516,0.194,0.516,0.216,1.34492234115899
2024-01-10-17:47:13,0.061,0.659,0.754,0.566,0.814,0.534,0.219,0.614,0.146,0.604,0.836,1.26578200320147
2024-01-10-17:47:14,0.554,0.714,0.299,0.886,0.871,0.454,0.294,0.964,0.714,0.786,0.816,1.28144383917559
2024-01-10-17:47:15,0.351,0.469,0.704,0.604,0.499,0.664,0.529,0.646,0.771,0.854,0.679,0.232494804435649
2024-01-10-17:47:16,0.486,0.834,0.284,0.289,0.496,0.134,0.274,0.019,0.626,0.616,0.331,0.621452825810775
2024-01-10-17:47:17,0.566,0.454,0.234,0.726,0.419,0.554,0.841,0.341,0.204,0.699,0.349,2.0962686936251
2024-01-10-17:47:18,0.736,0.121,0.254,0.616,0.336,0.211,0.089,0.376,0.931,0.134,0.219,1.45594223097615
2024-01-10-17:47:19,0.406,0.059,0.739,0.481,0.874,0.441,0.504,0.434,0.274,0.634,0.604,1.23130937202877
2024-01-10-17:47:20,0.539,0.614,0.841,0.624,0.826,0.836,0.271,0.534,0.164,0.839,0.889,2.07674744785412
2024-01-10-17:47:20,0.116,0.856,0.046,0.079,0.114,0.971,0.971,0.136,0.981,0.071,0.101,-0.861093151595383
2024-01-10-17:47:21,0.461,0.556,0.571,0.811,0.424,0.886,0.479,0.856,0.314,0.294,0.629,1.5930948616451
2024-01-10-17:47:22,0.786,0.464,0.026,0.976,0.284,0.156,0.724,0.899,0.544,0.259,0.834,2.23514344339971
2024-01-10-17:47:23,0.711,0.634,0.881,0.464,0.261,0.194,0.339,0.951,0.964,0.681,0.969,1.17662269867199
2024-01-10-17:47:24,0.876,0.164,0.674,0.989,0.684,0.471,0.099,0.174,0.639,0.061,0.511,1.20353503782962
2024-01-10-17:47:25,0.589,0.729,0.459,0.021,0.934,0.779,0.966,0.611,0.814,0.746,0.496,0.470137674409907
2024-01-10-17:47:26,0.944,0.201,0.014,0.221,0.641,0.281,0.036,0.129,0.044,0.936,0.519,0.864244754641418
2024-01-10-17:47:27,0.799,0.154,0.274,0.186,0.786,0.079,0.251,0.046,0.636,0.831,0.464,1.36563860546405
2024-01-10-17:47:28,0.924,0.719,0.006,0.414,0.494,0.059,0.076,0.214,0.736,0.056,0.269,-0.144165667707146
2024-01-10-17:47:29,0.911,0.449,0.289,0.401,0.421,0.644,0.264,0.846,0.674,0.701,0.234,0.0856122627929297
2024-01-10-17:47:30,0.016,0.916,0.424,0.666,0.964,0.761,0.156,0.419,0.864,0.804,0.596,-0.076744777317273
2024-01-10-17:47:31,0.616,0.781,0.521,0.584,0.749,0.829,0.221,0.786,0.901,0.386,0.931,0.977293813806876
2024-01-10-17:47:32,0.496,0.364,0.771,0.396,0.834,0.756,0.776,0.649,0.861,0.496,0.594,0.227214746423885
2024-01-10-17:47:33,0.481,0.109,0.761,0.319,0.001,0.176,0.059,0.819,0.431,0.944,0.616,1.04555461211456
2024-01-10-17:47:33,0.134,0.116,0.329,0.181,0.301,0.354,0.959,0.519,0.521,0.046,0.274,0.137312111025358
2024-01-10-17:47:34,0.181,0.321,0.594,0.171,0.801,0.431,0.866,0.436,0.389,0.981,0.324,0.424462742328902
2024-01-10-17:47:35,0.796,0.171,0.579,0.196,0.956,0.624,0.564,0.566,0.356,0.521,0.681,1.93829846370311
2024-01-10-17:47:36,0.621,0.259,0.114,0.104,0.106,0.536,0.159,0.184,0.934,0.319,0.546,0.494438539654728
2024-01-10-17:47:37,0.831,0.709,0.336,0.819,0.466,0.986,0.331,0.504,0.696,0.694,0.461,1.47440937086513
2024-01-10-17:47:38,0.761,0.299,0.471,0.949,0.331,0.064,0.091,0.941,0.916,0.101,0.529,1.77404429850906
2024-01-10-17:47:39,0.681,0.896,0.819,0.166,0.946,0.811,0.764,0.451,0.974,0.154,0.156,0.758397901574713
2024-01-10-17:47:39,0.149,0.161,0.751,0.524,0.049,0.131,0.044,0.236,0.159,0.191,0.729,1.25600909239928
2024-01-10-17:47:40,0.079,0.379,0.446,0.766,0.479,0.599,0.979,0.526,0.816,0.864,0.459,-0.0556512218850319
2024-01-10-17:47:41,0.371,0.444,0.716,0.669,0.599,0.984,0.284,0.706,0.124,0.261,0.719,1.66302670261202
2024-01-10-17:47:42,0.809,0.959,0.456,0.701,0.376,0.939,0.256,0.524,0.429,0.661,0.284,2.16008069203691
2024-01-10-17:47:43,0.474,0.946,0.721,0.646,0.644,0.861,0.079,0.936,0.651,0.869,0.639,0.895018442374236
2024-01-10-17:47:44,0.839,0.546,0.389,0.389,0.236,0.874,0.276,0.724,0.619,0.654,0.384,1.14326456730137
2024-01-10-17:47:44,0.531,0.901,0.941,0.101,0.949,0.781,0.719,0.166,0.679,0.729,0.774,0.514944252791656
2024-01-10-17:47:45,0.094,0.509,0.794,0.906,0.389,0.566,0.104,0.291,0.411,0.606,0.401,1.08962058987022
2024-01-10-17:47:46,0.754,0.136,0.769,0.776,0.264,0.806,0.396,0.926,0.756,0.164,0.486,1.86998088910626
2024-01-10-17:47:47,0.586,0.446,0.204,0.651,0.944,0.651,0.566,0.389,0.404,0.629,0.779,1.80001036159296
2024-01-10-17:47:48,0.489,0.411,0.396,0.459,0.564,0.341,0.149,0.481,0.621,0.534,0.191,0.81867068972628
2024-01-10-17:47:49,0.146,0.099,0.051,0.114,0.361,0.339,0.816,0.006,0.904,0.731,0.871,-0.658576655391244
2024-01-10-17:47:50,0.136,0.011,0.869,0.479,0.656,0.824,0.636,0.799,0.066,0.994,0.821,1.30936897875742
2024-01-10-17:47:51,0.891,0.891,0.601,0.086,0.354,0.476,0.644,0.171,0.886,0.439,0.574,-0.382114282108038
2024-01-10-17:47:51,0.636,0.306,0.576,0.704,0.664,0.414,0.216,0.711,0.909,0.744,0.584,1.1887118338409
2024-01-10-17:47:52,0.356,0.346,0.196,0.784,0.211,0.866,0.821,0.071,0.364,0.771,0.259,1.13591917295197
2024-01-10-17:47:53,0.334,0.699,0.921,0.699,0.694,0.356,0.354,0.656,0.226,0.671,0.591,1.40660123791985
2024-01-10-17:47:54,0.431,0.024,0.166,0.494,0.671,0.931,0.964,0.369,0.334,0.184,0.626,1.11903723109843
2024-01-10-17:47:55,0.171,0.216,0.631,0.841,0.636,0.246,0.226,0.609,0.239,0.499,0.014,1.38042451995893
2024-01-10-17:47:56,0.541,0.941,0.646,0.246,0.966,0.584,0.679,0.199,0.069,0.541,0.139,1.89786324956924
2024-01-10-17:47:56,0.274,0.144,0.621,0.639,0.131,0.659,0.551,0.209,0.459,0.466,0.131,0.766525931469583
2024-01-10-17:47:57,0.601,0.394,0.096,0.931,0.704,0.821,0.296,0.431,0.804,0.919,0.104,1.39046053952763
2024-01-10-17:47:58,0.446,0.006,0.116,0.786,0.006,0.541,0.131,0.754,0.449,0.926,0.919,1.3303593971011
2024-01-10-17:47:59,0.319,0.326,0.011,0.426,0.239,0.851,0.409,0.211,0.336,0.051,0.701,0.913869848616845
2024-01-10-17:48:00,0.384,0.476,0.886,0.991,0.416,0.731,0.326,0.719,0.219,0.716,0.649,1.78217757224964
2024-01-10-17:48:01,0.066,0.921,0.589,0.199,0.314,0.754,0.686,0.881,0.041,0.651,0.646,1.10615276149416
2024-01-10-17:48:02,0.884,0.631,0.776,0.736,0.456,0.559,0.031,0.794,0.089,0.584,0.256,1.96122962423121
2024-01-10-17:48:03,0.946,0.101,0.279,0.354,0.226,0.974,0.174,0.731,0.834,0.911,0.241,-0.61790333267334
2024-01-10-17:48:04,0.814,0.146,0.136,0.511,0.306,0.589,0.609,0.751,0.891,0.711,0.666,0.95545966682567
2024-01-10-17:48:05,0.871,0.404,0.684,0.431,0.374,0.446,0.741,0.919,0.791,0.814,0.099,0.341749112850626
2024-01-10-17:48:05,0.914,0.516,0.041,0.124,0.144,0.769,0.711,0.096,0.671,0.086,0.881,-0.211506063651426
2024-01-10-17:48:06,0.251,0.939,0.099,0.304,0.391,0.849,0.279,0.596,0.744,0.986,0.329,-0.0828152804288924
2024-01-10-17:48:07,0.739,0.244,0.694,0.961,0.366,0.929,0.164,0.116,0.571,0.776,0.819,2.49204478791598
2024-01-10-17:48:08,0.491,0.949,0.359,0.981,0.384,0.474,0.474,0.689,0.086,0.406,0.201,2.29760491476281
2024-01-10-17:48:09,0.051,0.776,0.784,0.064,0.099,0.429,0.309,0.661,0.499,0.504,0.841,0.0810812030012982
2024-01-10-17:48:10,0.501,0.351,0.481,0.351,0.699,0.316,0.426,0.406,0.604,0.201,0.859,0.765718025107174
2024-01-10-17:48:11,0.989,0.339,0.364,0.514,0.659,0.919,0.374,0.426,0.914,0.934,0.389,-0.914665726881704
2024-01-10-17:48:12,0.591,0.944,0.816,0.734,0.991,0.734,0.536,0.156,0.546,0.196,0.909,1.61484121921518
2024-01-10-17:48:13,0.364,0.686,0.961,0.466,0.471,0.424,0.066,0.076,0.016,0.391,0.446,1.71296376530187
2024-01-10-17:48:13,0.766,0.549,0.241,0.411,0.571,0.564,0.814,0.361,0.761,0.774,0.089,1.450982237902
2024-01-10-17:48:14,0.974,0.764,0.419,0.571,0.654,0.404,0.844,0.399,0.959,0.104,0.794,-0.965005668126817
2024-01-10-17:48:15,0.751,0.384,0.799,0.899,0.679,0.636,0.684,0.536,0.324,0.669,0.571,2.77558640336057
2024-01-10-17:48:16,0.844,0.031,0.209,0.436,0.661,0.054,0.394,0.024,0.344,0.529,0.586,1.66035835204021
2024-01-10-17:48:17,0.971,0.479,0.901,0.111,0.891,0.266,0.889,0.676,0.726,0.099,0.944,-0.831168472397113
2024-01-10-17:48:18,0.609,0.931,0.391,0.039,0.311,0.509,0.034,0.764,0.829,0.401,0.849,0.570383619383372
2024-01-10-17:48:19,0.216,0.279,0.586,0.496,0.024,0.301,0.689,0.346,0.076,0.271,0.536,1.34058531382354
2024-01-10-17:48:20,0.961,0.181,0.454,0.924,0.569,0.396,0.146,0.896,0.019,0.234,0.356,1.45355904966936
2024-01-10-17:48:21,0.261,0.041,0.884,0.711,0.849,0.171,0.641,0.359,0.064,0.619,0.599,1.58899742752648
2024-01-10-17:48:21,0.366,0.689,0.691,0.419,0.864,0.706,0.001,0.564,0.136,0.469,0.624,1.43572645964609
2024-01-10-17:48:22,0.074,0.619,0.049,0.626,0.986,0.689,0.281,0.351,0.279,0.019,0.886,1.04406533757905
2024-01-10-17:48:23,0.991,0.139,0.491,0.141,0.791,0.549,0.246,0.616,0.691,0.941,0.084,-0.803231757636263
2024-01-10-17:48:24,0.691,0.089,0.914,0.554,0.116,0.104,0.466,0.181,0.776,0.079,0.334,1.54710625330968
2024-01-10-17:48:25,0.299,0.971,0.984,0.561,0.954,0.539,0.344,0.999,0.721,0.244,0.276,0.247384679313065
2024-01-10-17:48:26,0.556,0.704,0.849,0.551,0.046,0.386,0.669,0.756,0.529,0.766,0.761,1.29291863393496
2024-01-10-17:48:27,0.354,0.909,0.956,0.229,0.906,0.544,0.799,0.379,0.434,0.126,0.756,0.574566832091545
2024-01-10-17:48:28,0.746,0.274,0.866,0.781,0.431,0.739,0.016,0.651,0.061,0.494,0.199,3.37097912648933
2024-01-10-17:48:29,0.776,0.581,0.851,0.946,0.736,0.926,0.916,0.271,0.921,0.894,0.136,1.46456489370174
2024-01-10-17:48:30,0.151,0.186,0.341,0.816,0.449,0.516,0.406,0.491,0.666,0.094,0.364,0.447338337617184
2024-01-10-17:48:30,0.521,0.174,0.719,0.329,0.201,0.491,0.749,0.429,0.181,0.741,0.996,1.64272525191534
2024-01-10-17:48:31,0.256,0.999,0.659,0.391,0.409,0.814,0.054,0.254,0.079,0.136,0.959,1.36182780835778
2024-01-10-17:48:32,0.466,0.396,0.079,0.106,0.939,0.014,0.486,0.316,0.129,0.376,0.684,1.37411440581536
2024-01-10-17:48:33,0.024,0.324,0.639,0.589,0.706,0.784,0.384,0.494,0.766,0.129,0.736,0.0143991029672432
2024-01-10-17:48:34,0.096,0.254,0.436,0.016,0.521,0.576,0.736,0.139,0.309,0.621,0.194,0.438383027920517
2024-01-10-17:48:35,0.414,0.436,0.174,0.189,0.404,0.494,0.699,0.404,0.326,0.796,0.939,0.889672790903807
2024-01-10-17:48:36,0.976,0.586,0.966,0.394,0.476,0.174,0.796,0.739,0.144,0.141,0.109,0.528214320426023
2024-01-10-17:48:36,0.881,0.066,0.846,0.429,0.446,0.329,0.189,0.956,0.379,0.999,0.054,1.09358255512554
2024-01-10-17:48:37,0.696,0.519,0.731,0.004,0.771,0.504,0.499,0.124,0.781,0.426,0.426,1.08552742845641
2024-01-10-17:48:38,0.394,0.341,0.954,0.301,0.286,0.641,0.061,0.771,0.479,0.461,0.286,0.677297956084477
2024-01-10-17:48:39,0.451,0.996,0.269,0.586,0.714,0.789,0.289,0.449,0.494,0.816,0.309,1.03820718141557
2024-01-10-17:48:40,0.559,0.214,0.406,0.904,0.901,0.271,0.936,0.939,0.976,0.519,0.491,0.623062889339435
2024-01-10-17:48:41,0.826,0.044,0.224,0.486,0.356,0.091,0.366,0.104,0.646,0.361,0.784,1.32655608231518
2024-01-10-17:48:42,0.741,0.009,0.896,0.751,0.251,0.124,0.994,0.944,0.046,0.719,0.224,3.15498468742895
2024-01-10-17:48:42,0.571,0.219,0.604,0.716,0.149,0.864,0.319,0.349,0.399,0.889,0.339,1.83947142890658
2024-01-10-17:48:43,0.241,0.569,0.894,0.521,0.696,0.071,0.124,0.354,0.111,0.984,0.731,1.40018205317533
2024-01-10-17:48:44,0.886,0.759,0.906,0.969,0.561,0.216,0.659,0.364,0.154,0.939,0.924,1.85518531904606
2024-01-10-17:48:45,0.896,0.811,0.094,0.269,0.811,0.661,0.654,0.356,0.074,0.246,0.294,1.32349471326957
2024-01-10-17:48:46,0.819,0.881,0.566,0.474,0.359,0.069,0.904,0.714,0.841,0.339,0.369,0.926793188476991
2024-01-10-17:48:47,0.546,0.724,0.076,0.349,0.009,0.464,0.544,0.109,0.296,0.756,0.406,1.56128080340362
2024-01-10-17:48:48,0.194,0.964,0.656,0.381,0.926,0.656,0.586,0.581,0.661,0.649,0.769,0.0781709199620971
2024-01-10-17:48:49,0.734,0.296,0.574,0.829,0.974,0.681,0.809,0.701,0.234,0.526,0.431,2.87735103788182
2024-01-10-17:48:49,0.624,0.179,0.054,0.746,0.061,0.359,0.969,0.456,0.729,0.456,0.291,1.34855589581192
2024-01-10-17:48:50,0.669,0.591,0.649,0.574,0.909,0.581,0.786,0.029,0.081,0.349,0.801,2.79981397598598
2024-01-10-17:48:51,0.129,0.741,0.056,0.806,0.531,0.609,0.459,0.866,0.254,0.829,0.321,1.23763306548536
2024-01-10-17:48:52,0.401,0.974,0.951,0.541,0.444,0.146,0.244,0.826,0.866,0.354,0.539,0.127547075794278
2024-01-10-17:48:53,0.021,0.674,0.469,0.034,0.069,0.826,0.446,0.326,0.589,0.909,0.441,-0.129503975636679
2024-01-10-17:48:54,0.386,0.194,0.824,0.254,0.839,0.786,0.811,0.659,0.869,0.971,0.921,-0.219756805471214
2024-01-10-17:48:55,0.726,0.521,0.161,0.729,0.809,0.499,0.069,0.446,0.649,0.846,0.366,2.12909526010996
2024-01-10-17:48:55,0.266,0.904,0.924,0.689,0.039,0.024,0.416,0.336,0.341,0.551,0.974,1.06802661264371
2024-01-10-17:48:56,0.106,0.816,0.479,0.326,0.321,0.384,0.826,0.409,0.836,0.876,0.524,-0.385211255584329
2024-01-10-17:48:57,0.056,0.536,0.111,0.054,0.616,0.694,0.371,0.996,0.376,0.464,0.544,0.32319180980943
2024-01-10-17:48:58,0.639,0.331,0.651,0.679,0.919,0.199,0.846,0.196,0.301,0.379,0.989,2.27101490811802
2024-01-10-17:48:59,0.249,0.119,0.996,0.866,0.101,0.994,0.381,0.339,0.941,0.554,0.484,0.0145107987931408
2024-01-10-17:49:00,0.544,0.844,0.701,0.606,0.484,0.911,0.259,0.444,0.489,0.224,0.411,1.43212047826316
2024-01-10-17:49:00,0.821,0.034,0.184,0.136,0.141,0.976,0.751,0.934,0.241,0.794,0.071,1.86501637793094
2024-01-10-17:49:01,0.674,0.539,0.394,0.959,0.021,0.724,0.401,0.086,0.601,0.509,0.479,2.18686758461529
2024-01-10-17:49:02,0.376,0.286,0.429,0.116,0.439,0.114,0.909,0.441,0.259,0.279,0.141,0.877874183198809
2024-01-10-17:49:03,0.441,0.989,0.511,0.299,0.741,0.626,0.211,0.859,0.464,0.594,0.676,0.817396142941071
2024-01-10-17:49:04,0.701,0.529,0.249,0.051,0.066,0.466,0.759,0.079,0.654,0.074,0.094,1.38346167226409
2024-01-10-17:49:05,0.054,0.226,0.154,0.256,0.029,0.346,0.134,0.016,0.251,0.539,0.789,0.768025449277499
2024-01-10-17:49:06,0.759,0.084,0.936,0.099,0.481,0.006,0.081,0.034,0.361,0.424,0.341,2.06619705980488
2024-01-10-17:49:07,0.994,0.621,0.544,0.911,0.109,0.204,0.346,0.991,0.174,0.221,0.306,0.905900818876527
2024-01-10-17:49:07,0.596,0.754,0.679,0.851,0.254,0.296,0.389,0.979,0.126,0.489,0.419,2.6247729618527
2024-01-10-17:49:08,0.439,0.696,0.176,0.861,0.386,0.406,0.599,0.644,0.999,0.006,0.799,0.168301061710731
2024-01-10-17:49:09,0.529,0.511,0.974,0.469,0.289,0.256,0.531,0.901,0.994,0.974,0.914,0.188312414508865
2024-01-10-17:49:10,0.389,0.251,0.084,0.664,0.781,0.699,0.356,0.334,0.101,0.636,0.266,1.72656532451502
2024-01-10-17:49:11,0.346,0.376,0.681,0.896,0.271,0.061,0.721,0.836,0.269,0.689,0.614,1.42012706633647
2024-01-10-17:49:12,0.289,0.796,0.626,0.774,0.904,0.684,0.991,0.239,0.786,0.269,0.951,0.142284081078598
2024-01-10-17:49:13,0.704,0.604,0.369,0.224,0.669,0.321,0.421,0.164,0.381,0.514,0.034,2.09954110473519
2024-01-10-17:49:13,0.156,0.236,0.191,0.424,0.806,0.639,0.766,0.061,0.294,0.811,0.696,0.796418675219316
2024-01-10-17:49:14,0.551,0.726,0.486,0.084,0.649,0.239,0.941,0.149,0.439,0.989,0.654,1.06737955975431
2024-01-10-17:49:15,0.424,0.309,0.414,0.934,0.031,0.106,0.451,0.946,0.716,0.946,0.119,0.790697202682581
2024-01-10-17:49:16,0.154,0.526,0.789,0.846,0.899,0.766,0.316,0.131,0.261,0.721,0.864,1.30194017117835
2024-01-10-17:49:17,0.236,0.721,0.151,0.714,0.014,0.531,0.179,0.931,0.996,0.976,0.149,-0.199432607476471
2024-01-10-17:49:18,0.221,0.056,0.599,0.694,0.181,0.089,0.649,0.251,0.689,0.789,0.609,0.288067227078267
2024-01-10-17:49:19,0.411,0.966,0.146,0.121,0.129,0.181,0.559,0.541,0.504,0.511,0.086,0.474855727761672
2024-01-10-17:49:20,0.196,0.406,0.476,0.056,0.221,0.991,0.516,0.816,0.469,0.481,0.554,0.195169747712203
2024-01-10-17:49:21,0.756,0.471,0.069,0.761,0.846,0.039,0.694,0.489,0.859,0.826,0.541,1.57930224854063
2024-01-10-17:49:21,0.324,0.401,0.449,0.416,0.931,0.154,0.236,0.761,0.644,0.431,0.164,0.3206994911967
2024-01-10-17:49:22,0.856,0.644,0.561,0.361,0.566,0.164,0.186,0.474,0.466,0.951,0.994,1.20879381881138
2024-01-10-17:49:23,0.239,0.051,0.756,0.154,0.054,0.856,0.894,0.226,0.426,0.166,0.854,0.376915900240729
2024-01-10-17:49:24,0.166,0.314,0.271,0.346,0.766,0.126,0.096,0.421,0.956,0.331,0.856,-0.507992385469475
2024-01-10-17:49:25,0.684,0.749,0.134,0.489,0.339,0.594,0.431,0.134,0.486,0.884,0.489,2.04870374456444
2024-01-10-17:49:26,0.841,0.111,0.386,0.044,0.259,0.816,0.801,0.154,0.929,0.626,0.714,0.177156851575648
2024-01-10-17:49:27,0.286,0.626,0.671,0.359,0.474,0.409,0.019,0.256,0.304,0.561,0.826,0.91601932854861
2024-01-10-17:49:27,0.244,0.184,0.609,0.081,0.861,0.981,0.981,0.929,0.386,0.714,0.851,0.410536578950146
2024-01-10-17:49:28,0.576,0.514,0.556,0.006,0.459,0.434,0.184,0.021,0.446,0.334,0.741,1.12490696319278
2024-01-10-17:49:29,0.339,0.664,0.536,0.836,0.296,0.569,0.729,0.366,0.576,0.284,0.074,0.739081634360804
2024-01-10-17:49:30,0.791,0.684,0.179,0.941,0.489,0.669,0.939,0.789,0.176,0.304,0.804,2.84989043771584
2024-01-10-17:49:31,0.059,0.584,0.779,0.364,0.764,0.449,0.671,0.909,0.844,0.761,0.046,-0.368897269872975
2024-01-10-17:49:32,0.916,0.804,0.106,0.461,0.784,0.324,0.514,0.821,0.319,0.531,0.709,0.76800981862017
2024-01-10-17:49:33,0.999,0.486,0.091,0.209,0.796,0.119,0.101,0.599,0.289,0.444,0.991,0.0451926567030604
2024-01-10-17:49:34,0.671,0.131,0.021,0.089,0.889,0.741,0.231,0.051,0.444,0.751,0.391,1.73227365374623
2024-01-10-17:49:35,0.314,0.414,0.276,0.919,0.821,0.511,0.789,0.574,0.754,0.314,0.326,0.398905930497585
2024-01-10-17:49:35,0.099,0.409,0.441,0.066,0.011,0.996,0.029,0.784,0.474,0.859,0.661,0.153786704777166
2024-01-10-17:49:36,0.359,0.889,0.549,0.356,0.976,0.201,0.484,0.626,0.139,0.404,0.214,1.30114601924306
2024-01-10-17:49:37,0.369,0.849,0.201,0.026,0.436,0.439,0.204,0.884,0.006,0.024,0.134,1.30801988907399
2024-01-10-17:49:38,0.396,0.886,0.889,0.869,0.716,0.066,0.621,0.514,0.409,0.326,0.934,1.24041766327233
2024-01-10-17:49:39,0.781,0.284,0.741,0.174,0.041,0.941,0.224,0.094,0.986,0.586,0.926,0.783204167025534
2024-01-10-17:49:40,0.771,0.879,0.546,0.046,0.701,0.084,0.571,0.259,0.641,0.874,0.884,1.39837180557172
2024-01-10-17:49:41,0.984,0.954,0.461,0.266,0.609,0.601,0.546,0.454,0.134,0.034,0.036,0.434020613313388
2024-01-10-17:49:42,0.254,0.639,0.554,0.169,0.394,0.571,0.169,0.391,0.256,0.659,0.061,0.782997035641579
2024-01-10-17:49:43,0.729,0.869,0.101,0.619,0.881,0.671,0.449,0.606,0.846,0.676,0.556,1.55837884032592
2024-01-10-17:49:44,0.824,0.731,0.999,0.526,0.016,0.676,0.011,0.691,0.346,0.656,0.689,2.0397884159565
2024-01-10-17:49:45,0.211,0.761,0.714,0.156,0.161,0.116,0.501,0.679,0.559,0.836,0.221,0.113586577533038
2024-01-10-17:49:45,0.731,0.534,0.351,0.831,0.219,0.361,0.574,0.309,0.264,0.211,0.396,2.87613878674721
2024-01-10-17:49:46,0.014,0.126,0.859,0.519,0.316,0.004,0.951,0.529,0.436,0.209,0.126,0.518727229867557
2024-01-10-17:49:47,0.006,0.864,0.734,0.071,0.204,0.286,0.051,0.284,0.896,0.181,0.319,-0.707773755694829
2024-01-10-17:49:48,0.951,0.319,0.724,0.894,0.994,0.444,0.704,0.374,0.541,0.219,0.749,0.296809147755557
2024-01-10-17:49:49,0.264,0.459,0.089,0.629,0.224,0.749,0.291,0.306,0.166,0.429,0.444,1.38725872435563
2024-01-10-17:49:50,0.456,0.421,0.929,0.041,0.119,0.951,0.471,0.386,0.889,0.724,0.506,-0.237065994879252
2024-01-10-17:49:50,0.121,0.199,0.949,0.709,0.751,0.141,0.879,0.054,0.476,0.179,0.501,0.624284445625497
2024-01-10-17:49:51,0.186,0.019,0.854,0.369,0.501,0.801,0.619,0.204,0.149,0.454,0.651,1.08902406904883
2024-01-10-17:49:52,0.849,0.814,0.344,0.559,0.999,0.529,0.901,0.161,0.454,0.566,0.526,1.39184343925304
2024-01-10-17:49:53,0.706,0.389,0.156,0.456,0.349,0.249,0.116,0.809,0.161,0.556,0.176,2.79075354248381
2024-01-10-17:49:54,0.941,0.416,0.569,0.849,0.916,0.184,0.391,0.151,0.669,0.611,0.421,0.175225503065392
2024-01-10-17:49:55,0.419,0.029,0.499,0.856,0.469,0.451,0.664,0.774,0.539,0.011,0.504,1.01788542008887
2024-01-10-17:49:55,0.231,0.276,0.781,0.149,0.134,0.011,0.744,0.231,0.106,0.414,0.154,1.01855863531559
2024-01-10-17:49:56,0.504,0.524,0.036,0.671,0.546,0.949,0.249,0.924,0.424,0.684,0.346,1.45180065147988
2024-01-10-17:49:57,0.629,0.021,0.676,0.279,0.559,0.394,0.706,0.621,0.811,0.384,0.954,0.908970037454395
2024-01-10-17:49:58,0.374,0.366,0.059,0.799,0.209,0.016,0.026,0.636,0.191,0.899,0.454,1.71624438338315
2024-01-10-17:49:59,0.764,0.386,0.081,0.531,0.096,0.621,0.369,0.806,0.511,0.739,0.451,2.11724122204092
2024-01-10-17:50:00,0.519,0.189,0.199,0.661,0.614,0.041,0.651,0.249,0.169,0.576,0.866,1.93390437979876
2024-01-10-17:50:01,0.284,0.554,0.934,0.984,0.804,0.219,0.696,0.959,0.189,0.901,0.576,1.56860939432141
2024-01-10-17:50:02,0.036,0.679,0.891,0.874,0.434,0.894,0.209,0.669,0.236,0.204,0.566,1.3738107451725
2024-01-10-17:50:02,0.811,0.859,0.126,0.501,0.631,0.389,0.709,0.159,0.371,0.679,0.964,2.00532672044395
2024-01-10-17:50:03,0.464,0.851,0.759,0.891,0.056,0.901,0.234,0.736,0.876,0.749,0.901,0.608622106795357
2024-01-10-17:50:04,0.801,0.766,0.426,0.024,0.241,0.921,0.436,0.126,0.659,0.029,0.009,1.14959078017053
2024-01-10-17:50:05,0.341,0.654,0.216,0.321,0.876,0.101,0.014,0.074,0.784,0.706,0.621,-0.00452809302420907
2024-01-10-17:50:06,0.716,0.071,0.746,0.796,0.076,0.879,0.596,0.594,0.514,0.696,0.404,2.32501586180194
2024-01-10-17:50:07,0.119,0.671,0.801,0.344,0.586,0.291,0.196,0.106,0.924,0.189,0.971,-0.475116633113902
2024-01-10-17:50:07,0.694,0.784,0.439,0.074,0.026,0.946,0.461,0.539,0.611,0.409,0.986,1.47153607945299
2024-01-10-17:50:08,0.041,0.049,0.826,0.211,0.346,0.959,0.414,0.544,0.406,0.359,0.911,0.39622849877678
2024-01-10-17:50:09,0.064,0.929,0.399,0.366,0.854,0.934,0.884,0.974,0.699,0.199,0.011,-0.0984201937448079
2024-01-10-17:50:10,0.044,0.166,0.821,0.979,0.154,0.206,0.386,0.641,0.369,0.114,0.311,1.14969476918312
2024-01-10-17:50:11,0.816,0.141,0.879,0.974,0.399,0.649,0.176,0.704,0.396,0.216,0.776,2.42817276125212
2024-01-10-17:50:12,0.506,0.601,0.989,0.641,0.084,0.226,0.021,0.506,0.284,0.451,0.879,1.75858108980487
2024-01-10-17:50:13,0.926,0.281,0.811,0.146,0.726,0.546,0.856,0.234,0.339,0.929,0.436,0.333527036895207
2024-01-10-17:50:13,0.836,0.239,0.039,0.451,0.229,0.716,0.239,0.004,0.186,0.291,0.429,2.10929908964955
2024-01-10-17:50:14,0.144,0.311,0.696,0.809,0.824,0.691,0.541,0.329,0.224,0.286,0.439,1.2901701269785
2024-01-10-17:50:15,0.634,0.676,0.206,0.691,0.526,0.046,0.926,0.989,0.819,0.964,0.861,1.20037471976819
2024-01-10-17:50:16,0.019,0.091,0.764,0.019,0.304,0.334,0.194,0.499,0.719,0.644,0.869,-0.399966409075571
2024-01-10-17:50:17,0.584,0.176,0.171,0.214,0.199,0.916,0.899,0.331,0.084,0.641,0.129,2.04270073816941
2024-01-10-17:50:18,0.866,0.739,0.229,0.676,0.281,0.096,0.361,0.976,0.656,0.194,0.759,0.951795646309178
2024-01-10-17:50:19,0.436,0.246,0.444,0.826,0.591,0.214,0.321,0.371,0.874,0.329,0.239,0.446847884809221
2024-01-10-17:50:20,0.879,0.899,0.844,0.644,0.756,0.526,0.569,0.401,0.939,0.506,0.476,0.137412653986631
2024-01-10-17:50:20,0.769,0.829,0.231,0.546,0.754,0.189,0.924,0.709,0.299,0.281,0.254,2.44706311704981
2024-01-10-17:50:21,0.429,0.374,0.421,0.384,0.136,0.376,0.791,0.191,0.519,0.564,0.509,0.688261640947424
2024-01-10-17:50:22,0.309,0.606,0.354,0.749,0.761,0.896,0.921,0.804,0.594,0.119,0.811,0.545447138461099
2024-01-10-17:50:23,0.656,0.426,0.121,0.249,0.104,0.259,0.849,0.921,0.799,0.111,0.314,1.04365418954241
2024-01-10-17:50:24,0.899,0.456,0.986,0.789,0.799,0.129,0.454,0.101,0.564,0.081,0.181,0.769891100544445
2024-01-10-17:50:25,0.321,0.156,0.899,0.859,0.581,0.881,0.769,0.144,0.094,0.914,0.051,1.68625041274161
2024-01-10-17:50:25,0.494,0.751,0.706,0.131,0.921,0.876,0.111,0.791,0.536,0.524,0.229,0.694028315173323
2024-01-10-17:50:26,0.606,0.836,0.909,0.764,0.629,0.794,0.906,0.746,0.206,0.484,0.184,2.32001820835923
2024-01-10-17:50:27,0.499,0.359,0.294,0.306,0.981,0.839,0.521,0.749,0.616,0.559,0.979,0.687345347993957
2024-01-10-17:50:28,0.646,0.206,0.931,0.674,0.156,0.561,0.996,0.766,0.306,0.174,0.351,2.26371610181192
2024-01-10-17:50:29,0.659,0.484,0.606,0.881,0.269,0.629,0.954,0.384,0.566,0.639,0.981,1.97316681551115
2024-01-10-17:50:29,0.176,0.481,0.689,0.596,0.941,0.966,0.624,0.319,0.574,0.091,0.949,0.409415185969005
2024-01-10-17:50:30,0.434,0.894,0.131,0.151,0.936,0.306,0.716,0.201,0.759,0.084,0.636,0.0449583716814467
2024-01-10-17:50:31,0.049,0.494,0.401,0.794,0.971,0.021,0.839,0.424,0.184,0.434,0.361,1.25235001663808
2024-01-10-17:50:32,0.806,0.736,0.301,0.096,0.544,0.744,0.139,0.984,0.769,0.159,0.549,0.956980023603391
2024-01-10-17:50:33,0.939,0.316,0.786,0.681,0.126,0.521,0.094,0.664,0.879,0.031,0.656,-0.322880270201838
2024-01-10-17:50:34,0.199,0.046,0.806,0.731,0.626,0.236,0.084,0.781,0.266,0.374,0.534,1.27486319141745
2024-01-10-17:50:35,0.484,0.261,0.969,0.109,0.164,0.456,0.441,0.059,0.051,0.801,0.434,1.59589274308845
2024-01-10-17:50:35,0.996,0.794,0.251,0.996,0.504,0.854,0.604,0.886,0.971,0.871,0.891,-0.690934748284714
2024-01-10-17:50:36,0.084,0.771,0.366,0.581,0.951,0.596,0.419,0.776,0.749,0.856,0.456,0.0438632835961345
2024-01-10-17:50:37,0.034,0.399,0.744,0.986,0.666,0.459,0.534,0.556,0.911,0.674,0.251,0.0246063657855845
2024-01-10-17:50:38,0.206,0.381,0.616,0.091,0.506,0.846,0.956,0.849,0.229,0.879,0.699,0.700741839919493
2024-01-10-17:50:39,0.564,0.159,0.946,0.771,0.216,0.944,0.676,0.269,0.926,0.116,0.716,0.715841506642758
2024-01-10-17:50:40,0.834,0.976,0.581,0.564,0.689,0.209,0.171,0.169,0.551,0.346,0.116,1.51766706335012
2024-01-10-17:50:40,0.569,0.734,0.829,0.231,0.344,0.696,0.241,0.296,0.741,0.969,0.664,0.707400225552445
2024-01-10-17:50:41,0.721,0.876,0.669,0.176,0.146,0.674,0.119,0.831,0.001,0.226,0.514,2.87742216622834
2024-01-10-17:50:42,0.744,0.289,0.944,0.311,0.634,0.899,0.656,0.889,0.456,0.309,0.781,2.05165542809342
2024-01-10-17:50:43,0.679,0.574,0.874,0.576,0.776,0.834,0.584,0.121,0.349,0.121,0.984,2.3494013672187
2024-01-10-17:50:44,0.854,0.611,0.319,0.259,0.676,0.869,0.631,0.851,0.524,0.819,0.561,0.991874526815733
2024-01-10-17:50:45,0.004,0.824,0.699,0.926,0.721,0.304,0.646,0.324,0.746,0.666,0.721,0.26920425109516
2024-01-10-17:50:46,0.524,0.711,0.339,0.844,0.836,0.326,0.376,0.559,0.631,0.096,0.711,1.25178303369942
2024-01-10-17:50:46,0.604,0.461,0.221,0.244,0.324,0.889,0.626,0.551,0.881,0.779,0.766,0.600332991489774
2024-01-10-17:50:48,0.964,0.241,0.194,0.119,0.866,0.914,0.039,0.916,0.871,0.264,0.111,-1.03981391997795
2024-01-10-17:50:49,0.534,0.441,0.591,0.756,0.711,0.586,0.261,0.396,0.384,0.296,0.106,1.7335298315688
2024-01-10-17:50:49,0.201,0.871,0.356,0.194,0.624,0.759,0.336,0.001,0.011,0.799,0.296,1.24425684355889
2024-01-10-17:50:50,0.749,0.229,0.159,0.241,0.969,0.009,0.304,0.949,0.676,0.239,0.754,1.58044666965051
2024-01-10-17:50:51,0.479,0.496,0.534,0.134,0.381,0.746,0.364,0.814,0.989,0.961,0.019,-0.274888051242612
2024-01-10-17:50:52,0.959,0.756,0.464,0.439,0.079,0.196,0.519,0.694,0.401,0.809,0.906,0.18943639588443
2024-01-10-17:50:53,0.109,0.301,0.664,0.126,0.539,0.111,0.266,0.684,0.179,0.014,0.824,0.801712918715907
2024-01-10-17:50:54,0.086,0.981,0.181,0.684,0.319,0.391,0.491,0.186,0.739,0.206,0.069,0.140036262614923
2024-01-10-17:50:54,0.246,0.504,0.911,0.059,0.071,0.481,0.761,0.861,0.806,0.821,0.611,-0.441471363323984
2024-01-10-17:50:55,0.444,0.624,0.029,0.341,0.351,0.001,0.286,0.576,0.374,0.001,0.734,1.03528430601399
2024-01-10-17:50:56,0.344,0.969,0.296,0.036,0.829,0.186,0.639,0.246,0.506,0.394,0.161,0.266321930672556
2024-01-10-17:50:57,0.514,0.334,0.804,0.999,0.081,0.764,0.524,0.966,0.774,0.631,0.671,1.0134459815792
2024-01-10-17:50:58,0.026,0.036,0.774,0.159,0.396,0.179,0.614,0.734,0.116,0.419,0.236,0.915669313326629
2024-01-10-17:50:59,0.631,0.004,0.259,0.854,0.879,0.049,0.464,0.619,0.211,0.341,0.669,2.63184232093495
2024-01-10-17:51:00,0.829,0.926,0.031,0.509,0.606,0.956,0.411,0.986,0.701,0.301,0.551,1.19185054352496
2024-01-10-17:51:00,0.956,0.014,0.861,0.951,0.454,0.231,0.556,0.459,0.826,0.411,0.844,-0.217639103584062
2024-01-10-17:51:01,0.471,0.839,0.211,0.336,0.276,0.611,0.944,0.466,0.049,0.609,0.619,1.69706668723201
2024-01-10-17:51:02,0.661,0.884,0.516,0.739,0.194,0.519,0.804,0.834,0.421,0.861,0.159,2.20235933618895
2024-01-10-17:51:03,0.509,0.716,0.524,0.956,0.329,0.841,0.681,0.241,0.286,0.366,0.751,1.88398643369805
2024-01-10-17:51:04,0.664,0.264,0.164,0.216,0.574,0.704,0.379,0.869,0.534,0.124,0.466,1.62409652046914
2024-01-10-17:51:05,0.111,0.874,0.286,0.284,0.086,0.074,0.201,0.994,0.391,0.959,0.174,0.526402904370375
2024-01-10-17:51:06,0.929,0.544,0.074,0.374,0.294,0.479,0.911,0.439,0.281,0.289,0.916,0.58154525414197
2024-01-10-17:51:06,0.229,0.866,0.416,0.236,0.746,0.961,0.086,0.394,0.156,0.449,0.096,1.02963869774254
2024-01-10-17:51:07,0.599,0.231,0.019,0.504,0.541,0.224,0.579,0.084,0.221,0.784,0.946,2.11312821664904
2024-01-10-17:51:08,0.794,0.016,0.404,0.234,0.429,0.289,0.539,0.911,0.351,0.131,0.831,1.99785217322158
2024-01-10-17:51:09,0.009,0.434,0.501,0.719,0.924,0.381,0.341,0.571,0.884,0.186,0.354,-0.105870992590294
2024-01-10-17:51:10,0.686,0.786,0.834,0.769,0.051,0.401,0.444,0.321,0.024,0.536,0.066,3.22065797823057
2024-01-10-17:51:11,0.454,0.841,0.371,0.744,0.516,0.244,0.746,0.189,0.734,0.069,0.004,0.616072215226715
2024-01-10-17:51:12,0.846,0.391,0.964,0.839,0.651,0.139,0.606,0.311,0.026,0.009,0.691,2.56994854155228
2024-01-10-17:51:12,0.421,0.269,0.104,0.324,0.674,0.036,0.424,0.119,0.014,0.726,0.059,1.66425239061249
2024-01-10-17:51:13,0.214,0.551,0.514,0.454,0.044,0.344,0.629,0.026,0.329,0.229,0.301,0.807522991020746
2024-01-10-17:51:14,0.379,0.961,0.346,0.656,0.779,0.299,0.851,0.844,0.664,0.356,0.186,0.474212962719073
2024-01-10-17:51:15,0.469,0.096,0.451,0.599,0.729,0.369,0.056,0.276,0.849,0.059,0.359,0.442554608641452
2024-01-10-17:51:16,0.676,0.579,0.311,0.274,0.911,0.574,0.931,0.089,0.796,0.421,0.414,1.16019149801519
2024-01-10-17:51:17,0.269,0.266,0.321,0.536,0.191,0.619,0.984,0.279,0.586,0.471,0.409,0.356237464467757
2024-01-10-17:51:18,0.784,0.691,0.411,0.634,0.189,0.486,0.836,0.064,0.944,0.004,0.029,1.15711875588863
2024-01-10-17:51:18,0.699,0.151,0.061,0.901,0.034,0.579,0.876,0.484,0.214,0.781,0.809,2.88685029385021
2024-01-10-17:51:19,0.969,0.499,0.379,0.696,0.576,0.029,0.121,0.601,0.949,0.176,0.474,-0.670498403547277
2024-01-10-17:51:20,0.869,0.506,0.531,0.791,0.554,0.701,0.929,0.111,0.099,0.459,0.956,1.99511767046644
2024-01-10-17:51:21,0.301,0.789,0.119,0.506,0.816,0.311,0.871,0.824,0.614,0.336,0.374,0.333147097981555
2024-01-10-17:51:22,0.164,0.994,0.314,0.386,0.719,0.604,0.589,0.261,0.839,0.954,0.481,-0.293151724315198
2024-01-10-17:51:23,0.611,0.124,0.149,0.631,0.869,0.251,0.429,0.289,0.246,0.021,0.244,2.2641686472734
2024-01-10-17:51:24,0.719,0.986,0.226,0.009,0.279,0.964,0.934,0.274,0.984,0.596,0.771,0.739951184884438
2024-01-10-17:51:25,0.294,0.636,0.306,0.824,0.214,0.086,0.109,0.224,0.609,0.249,0.564,0.756200940888653
2024-01-10-17:51:25,0.861,0.846,0.526,0.129,0.231,0.121,0.136,0.294,0.789,0.579,0.031,0.274128385679497
2024-01-10-17:51:26,0.234,0.466,0.256,0.539,0.186,0.241,0.824,0.511,0.311,0.139,0.041,0.895974120171673
2024-01-10-17:51:27,0.046,0.854,0.139,0.966,0.851,0.904,0.181,0.411,0.951,0.036,0.206,0.0363342246602596
2024-01-10-17:51:28,0.979,0.914,0.904,0.029,0.159,0.076,0.666,0.569,0.199,0.351,0.806,0.129921525713373
2024-01-10-17:51:29,0.184,0.744,0.434,0.286,0.686,0.109,0.774,0.066,0.321,0.441,0.839,0.655589503222913
2024-01-10-17:51:30,0.921,0.991,0.926,0.309,0.151,0.436,0.306,0.744,0.894,0.904,0.079,-0.553952180658875
2024-01-10-17:51:31,0.224,0.769,0.836,0.724,0.844,0.884,0.349,0.891,0.496,0.381,0.189,0.76674084964449
2024-01-10-17:51:32,0.349,0.531,0.766,0.399,0.184,0.709,0.506,0.141,0.966,0.581,0.316,-0.331709819089057
2024-01-10-17:51:33,0.789,0.806,0.304,0.331,0.176,0.331,0.914,0.486,0.821,0.479,0.471,1.13548873505167
2024-01-10-17:51:34,0.031,0.369,0.376,0.204,0.856,0.221,0.199,0.286,0.121,0.979,0.039,0.972654544245992
2024-01-10-17:51:35,0.039,0.431,0.959,0.594,0.961,0.936,0.359,0.039,0.119,0.241,0.726,1.31088125618308
2024-01-10-17:51:36,0.894,0.589,0.624,0.579,0.206,0.314,0.214,0.469,0.779,0.591,0.091,0.268507819405515
2024-01-10-17:51:36,0.029,0.956,0.916,0.484,0.759,0.034,0.254,0.716,0.751,0.276,0.796,-0.0318985994167947
2024-01-10-17:51:37,0.169,0.026,0.504,0.191,0.734,0.319,0.351,0.759,0.906,0.574,0.371,-0.572642112043399
2024-01-10-17:51:38,0.981,0.571,0.636,0.201,0.886,0.666,0.151,0.904,0.034,0.049,0.904,0.614618560056637
2024-01-10-17:51:39,0.131,0.951,0.529,0.621,0.091,0.909,0.581,0.501,0.441,0.041,0.044,0.68212393781883
2024-01-10-17:51:40,0.416,0.641,0.186,0.316,0.596,0.279,0.779,0.631,0.196,0.501,0.211,1.24818111623126
2024-01-10-17:51:41,0.511,0.861,0.071,0.014,0.326,0.774,0.861,0.666,0.624,0.299,0.449,0.470010086537414
2024-01-10-17:51:41,0.804,0.819,0.711,0.921,0.244,0.371,0.004,0.721,0.936,0.769,0.344,1.46677638039125
2024-01-10-17:51:42,0.306,0.039,0.264,0.226,0.989,0.169,0.591,0.229,0.009,0.599,0.261,1.36503333314683
2024-01-10-17:51:43,0.139,0.076,0.261,0.889,0.584,0.031,0.976,0.549,0.561,0.214,0.226,0.560100789371205
2024-01-10-17:51:44,0.426,0.439,0.324,0.164,0.524,0.151,0.166,0.244,0.096,0.996,0.246,1.37861446481676
2024-01-10-17:51:45,0.179,0.094,0.839,0.534,0.426,0.686,0.334,0.561,0.899,0.589,0.169,-0.243283662370918
2024-01-10-17:51:46,0.901,0.069,0.009,0.611,0.234,0.056,0.314,0.081,0.461,0.709,0.581,0.823485478659177
2024-01-10-17:51:47,0.409,0.371,0.169,0.139,0.884,0.276,0.404,0.864,0.491,0.546,0.686,0.521576780192616
2024-01-10-17:51:47,0.069,0.924,0.736,0.239,0.111,0.729,0.806,0.591,0.509,0.896,0.936,0.198268740958537
2024-01-10-17:51:48,0.851,0.491,0.584,0.814,0.709,0.349,0.469,0.671,0.414,0.066,0.569,1.73740469690791
2024-01-10-17:51:49,0.361,0.646,0.654,0.184,0.841,0.819,0.301,0.056,0.596,0.991,0.416,0.251638196085454
2024-01-10-17:51:50,0.304,0.106,0.539,0.591,0.744,0.969,0.024,0.686,0.031,0.266,0.961,1.71539292324533
2024-01-10-17:51:51,0.526,0.934,0.034,0.491,0.196,0.264,0.726,0.266,0.581,0.916,0.064,0.989718283700414
2024-01-10-17:51:52,0.089,0.779,0.726,0.871,0.556,0.026,0.616,0.654,0.579,0.736,0.026,0.594126203923874
2024-01-10-17:51:53,0.331,0.134,0.814,0.406,0.491,0.726,0.784,0.969,0.484,0.016,0.001,0.571183245789275
2024-01-10-17:51:54,0.101,0.979,0.541,0.939,0.171,0.999,0.191,0.216,0.684,0.834,0.634,0.559519160882882
2024-01-10-17:51:55,0.281,0.911,0.384,0.821,0.256,0.804,0.989,0.811,0.946,0.849,0.179,-0.158494857568735
2024-01-10-17:51:56,0.141,0.224,0.981,0.779,0.509,0.269,0.661,0.841,0.831,0.109,0.381,0.0187599052877669
2024-01-10-17:51:57,0.651,0.919,0.066,0.569,0.731,0.191,0.494,0.971,0.059,0.364,0.791,2.79294651479823
2024-01-10-17:51:58,0.516,0.291,0.214,0.556,0.266,0.136,0.834,0.854,0.961,0.171,0.846,0.219143082717846
2024-01-10-17:51:59,0.549,0.541,0.641,0.804,0.059,0.979,0.731,0.674,0.471,0.841,0.399,1.56628093302151
2024-01-10-17:52:00,0.126,0.294,0.629,0.061,0.246,0.149,0.594,0.179,0.201,0.886,0.386,0.699217936287365
